VoidID RA Dec Redshift Radius_Mpc Radius_deg DensityContrast AspectRatio CentralDensity ClusteringStrength
0 313.863670 -11.890209 0.114592 19.228764 2.243758 -0.629789 2.445553 0.152515 0.781250
1 10.529022 -6.061443 0.107078 13.998050 1.748369 -0.450704 1.917241 0.152515 0.781250
2 297.294030 11.606478 0.085610 20.736480 3.237053 -0.509311 2.570625 0.152515 0.781250
3 46.393152 1.797025 0.148652 32.122770 2.888520 -0.527443 2.236162 0.152515 0.781250
4 120.642788 57.011929 0.110577 13.342755 1.613853 -0.688575 2.460036 0.152515 0.781250
5 267.662972 -0.347961 0.073723 13.342864 2.419856 -0.395131 1.937334 0.152515 0.781250
6 57.873563 79.839036 0.060178 33.037940 7.304851 -0.617228 1.792764 0.152515 0.781250
7 294.468129 44.656103 0.065286 22.015958 4.502181 -0.312537 2.504258 0.152515 0.781250
8 299.568304 -35.660342 0.074596 11.861680 2.126339 -0.519515 2.371814 0.152515 0.781250
9 182.688384 59.450508 0.066068 19.674635 3.977554 -0.824241 1.988276 0.152515 0.781250
10 2.298914 -50.109116 0.068657 11.897655 2.317083 -0.494293 1.997992 0.152515 0.781250
11 103.333728 39.412525 0.078510 11.883909 2.024213 -0.704938 2.596522 0.152515 0.781250
12 222.093691 -13.812977 0.067337 16.929054 3.359530 -0.488204 1.902068 0.152515 0.781250
13 353.227024 49.108329 0.139677 5.762723 0.551939 -0.858215 2.751693 0.152515 0.781250
14 227.452870 47.401379 0.058023 6.331843 1.459598 -0.795071 1.988705 0.152515 0.781250
15 93.529289 37.723449 0.102451 11.323797 1.478355 -0.386558 2.450409 0.152515 0.781250
16 228.242053 35.454824 0.091040 9.039778 1.328156 -0.763692 2.160306 0.152515 0.781250
17 194.394737 -22.994435 0.148238 17.552105 1.583651 -0.397775 2.439848 0.152515 0.781250
18 280.744342 -56.946478 0.061204 9.526126 2.081355 -0.732434 2.095657 0.152515 0.781250
19 38.513030 -11.188628 0.089786 7.403096 1.102943 -0.514271 2.210053 0.152515 0.781250
20 273.970045 -40.764464 0.146947 31.214246 2.839463 -0.483510 2.271167 0.152515 0.781250
21 194.855968 22.948413 0.136551 13.398758 1.312486 -0.592407 1.958235 0.152515 0.781250
22 346.677121 -17.926731 0.131707 15.515109 1.575563 -0.716814 2.481139 0.152515 0.781250
23 123.073980 72.030411 0.075790 7.357176 1.298444 -0.772413 2.104927 0.152515 0.781250
24 227.743882 16.376272 0.067089 11.425627 2.277202 -0.880086 2.190311 0.152515 0.781250
25 335.530118 40.162761 0.116864 15.855422 1.814473 -0.717632 1.960587 0.152515 0.781250
26 36.903502 -47.303047 0.142938 8.436381 0.789555 -0.508102 1.490191 0.152515 0.781250
27 337.402255 46.388129 0.105676 18.099770 2.290151 -0.337017 2.201583 0.152515 0.781250
28 247.638860 57.727089 0.107161 11.108725 1.386569 -0.377277 2.982676 0.152515 0.781250
29 24.421341 -1.482760 0.077998 12.964351 2.222541 -0.440361 2.494273 0.152515 0.781250
30 108.346884 12.269244 0.126949 11.102795 1.169881 -0.426932 2.253113 0.152515 0.781250
31 254.941952 31.979756 0.068704 37.871138 7.334033 -0.501009 2.180024 0.152515 0.781250
32 24.246217 -40.565940 0.082368 14.899112 2.418489 -0.743828 2.265631 0.152515 0.781250
33 209.581366 0.294052 0.092544 8.839186 1.277596 -0.355683 2.423027 0.152515 0.781250
34 124.517901 -11.693368 0.100761 22.631045 3.002025 -0.497561 1.904648 0.152515 0.781250
35 223.529586 -45.011769 0.074241 8.146826 1.467742 -0.563736 2.593188 0.152515 0.781250
36 16.467132 -15.362862 0.061484 16.651195 3.618325 -0.833406 2.473506 0.152515 0.781250
37 313.753250 -59.729520 0.111062 5.630595 0.678217 -0.631767 2.474347 0.152515 0.781250
38 350.456029 -71.509488 0.078863 7.721103 1.309574 -0.623785 2.390434 0.152515 0.781250
39 348.796028 -46.858520 0.108124 16.551568 2.047071 -0.381262 2.264776 0.152515 0.781250
40 269.874659 67.854599 0.065436 21.699376 4.427545 -0.572011 2.460750 0.152515 0.781250
41 46.831046 5.684990 0.098114 16.341932 2.227171 -0.671760 2.436436 0.152515 0.781250
42 272.974751 68.692603 0.103259 14.157239 1.833591 -0.313920 2.152679 0.152515 0.781250
43 8.851290 -7.758865 0.055182 12.903497 3.125188 -0.833568 2.086811 0.152515 0.781250
44 7.964479 -22.108872 0.083660 7.162000 1.145134 -0.646471 2.289448 0.152515 0.781250
45 116.499679 0.703823 0.063441 10.465960 2.205927 -0.874785 2.723597 0.152515 0.781250
46 175.911549 -6.948470 0.056337 11.914198 2.826927 -0.456058 1.887159 0.152515 0.781250
47 277.346670 -52.061453 0.148996 25.447342 2.283693 -0.349154 1.818634 0.152515 0.781250
48 245.986336 16.358864 0.082235 17.811768 2.895199 -0.731978 2.308320 0.152515 0.781250
49 160.524974 -34.605561 0.130987 6.212293 0.634460 -0.384995 2.274158 0.152515 0.781250
50 98.505600 13.837907 0.075464 17.638644 3.123880 -0.724669 2.310894 0.152515 0.781250
51 358.964820 17.481761 0.118150 12.372906 1.400717 -0.353538 2.332077 0.152515 0.781250
52 153.425269 -44.102992 0.126023 10.692999 1.134994 -0.447623 2.191931 0.152515 0.781250
53 162.499329 -61.318449 0.109564 20.366438 2.485279 -0.417056 2.705850 0.152515 0.781250
54 58.904576 34.161201 0.097158 25.117127 3.454351 -0.889196 1.778620 0.152515 0.781250
55 286.131438 -4.611509 0.091184 23.895502 3.501514 -0.322314 2.010342 0.152515 0.781250
56 249.725601 -62.088588 0.084887 9.859559 1.553498 -0.463997 2.227915 0.152515 0.781250
57 79.477061 81.782505 0.142953 12.851288 1.202513 -0.717149 1.765935 0.152515 0.781250
58 29.657176 -62.182548 0.133062 17.702076 1.779224 -0.402363 2.206135 0.152515 0.781250
59 244.979749 22.958884 0.146503 24.430266 2.229786 -0.731087 2.757332 0.152515 0.781250
60 235.624037 75.320357 0.062430 11.804291 2.527939 -0.376348 2.265157 0.152515 0.781250
61 98.373430 -31.442310 0.123087 13.670233 1.485482 -0.832452 2.328102 0.152515 0.781250
62 342.310882 -45.684295 0.143834 8.626878 0.802349 -0.477788 1.880842 0.152515 0.781250
63 54.380841 -49.220616 0.068123 8.247803 1.619298 -0.575581 2.073983 0.152515 0.781250
64 155.640528 -23.169321 0.056650 22.517958 5.302608 -0.842079 2.146332 0.152515 0.781250
65 339.701731 -52.930829 0.124112 29.552555 3.182249 -0.754864 2.163577 0.152515 0.781250
66 151.101834 22.601698 0.107447 14.469531 1.801009 -0.892558 2.643384 0.152515 0.781250
67 229.869341 -61.094295 0.134183 24.774543 2.468537 -0.618739 2.426199 0.152515 0.781250
68 143.133983 1.079760 0.063977 17.972957 3.752946 -0.719241 1.925454 0.152515 0.781250
69 98.717473 83.410448 0.129527 10.864388 1.121993 -0.540986 2.332843 0.152515 0.781250
70 354.231953 38.898342 0.070163 17.970796 3.422503 -0.721657 2.408358 0.152515 0.781250
71 147.360242 13.322912 0.066366 32.364705 6.496240 -0.720049 2.600936 0.152515 0.781250
72 321.875713 -22.798581 0.066427 14.733697 2.964708 -0.454084 2.733054 0.152515 0.781250
73 82.783658 14.346873 0.131457 32.798147 3.334060 -0.871114 1.954363 0.152515 0.781250
74 76.717693 3.100236 0.116520 4.047817 0.464742 -0.358263 2.015634 0.152515 0.781250
75 11.208270 -8.501380 0.102307 22.623777 2.955808 -0.388642 1.881618 0.152515 0.781250
76 234.600057 -47.610529 0.085883 15.667269 2.439065 -0.499317 2.188685 0.152515 0.781250
77 132.669484 50.642884 0.137720 12.917029 1.254573 -0.544067 2.398799 0.152515 0.781250
78 311.168970 -5.763973 0.089245 15.704238 2.352833 -0.364619 2.555092 0.152515 0.781250
79 170.355566 -37.644113 0.131660 5.552597 0.564194 -0.788802 2.236106 0.152515 0.781250
80 348.549634 -15.336134 0.093913 13.439717 1.913818 -0.852619 2.162937 0.152515 0.781250
81 66.789186 -9.889031 0.087694 17.932353 2.733603 -0.756294 2.304419 0.152515 0.781250
82 312.704340 40.925397 0.096268 31.405946 4.356042 -0.423253 2.008348 0.152515 0.781250
83 279.574867 27.854559 0.080138 11.575781 1.931738 -0.879198 2.885753 0.152515 0.781250
84 277.531864 32.589051 0.124761 10.012190 1.073494 -0.550316 1.776593 0.152515 0.781250
85 304.121962 -77.942230 0.100272 11.671753 1.556859 -0.302737 2.314314 0.152515 0.781250
86 273.968637 -9.653654 0.073221 23.706547 4.323204 -0.386582 2.865973 0.152515 0.781250
87 225.439316 -2.138299 0.139957 17.679853 1.689494 -0.587133 2.260931 0.152515 0.781250
88 47.248156 -74.073698 0.088389 11.509469 1.741497 -0.861815 2.201880 0.152515 0.781250
89 11.709425 -28.709804 0.104355 19.388574 2.484043 -0.401176 2.151658 0.152515 0.781250
90 331.505225 31.371141 0.140647 15.746041 1.497412 -0.540613 2.204774 0.152515 0.781250
91 221.994113 -46.533822 0.112424 24.346125 2.894688 -0.831040 2.670746 0.152515 0.781250
92 286.753425 4.049614 0.061690 10.559476 2.288747 -0.843686 1.595333 0.152515 0.781250
93 173.348047 -34.722076 0.143983 12.733281 1.182951 -0.354224 2.718921 0.152515 0.781250
94 42.230948 -77.358487 0.112771 12.329517 1.462362 -0.498480 1.831704 0.152515 0.781250
95 45.066885 -31.171206 0.083491 7.215942 1.156103 -0.402428 2.178896 0.152515 0.781250
96 246.803503 72.128563 0.063927 17.393739 3.635163 -0.372613 2.130118 0.152515 0.781250
97 154.910122 37.090391 0.129403 17.091441 1.766438 -0.556937 2.435457 0.152515 0.781250
98 72.188902 66.802611 0.112007 15.038400 1.795615 -0.589532 1.779454 0.152515 0.781250
99 176.974037 -1.391961 0.103346 13.339861 1.726337 -0.641744 2.397543 0.152515 0.781250
100 23.115217 -51.308908 0.139389 7.391752 0.709408 -0.709832 2.866184 0.152515 0.781250
101 209.509705 5.504215 0.128860 12.154841 1.261717 -0.639242 1.849939 0.152515 0.781250
102 96.837626 -5.235254 0.065167 12.637808 2.592652 -0.435672 2.315803 0.152515 0.781250
103 287.121276 43.528410 0.081172 10.043358 1.654820 -0.538846 2.060297 0.152515 0.781250
104 111.730305 -53.497879 0.074849 13.837847 2.471801 -0.364486 2.386658 0.152515 0.781250
105 163.879254 -1.347591 0.124395 18.358187 1.973587 -0.633972 2.264636 0.152515 0.781250
106 4.183394 -44.419196 0.053353 38.518674 9.568558 -0.535746 2.066445 0.152515 0.781250
107 26.080880 -20.526964 0.106989 16.368178 2.045864 -0.521215 2.405253 0.152515 0.781250
108 141.297680 28.340740 0.126246 17.061516 1.807409 -0.544982 2.800196 0.152515 0.781250
109 172.777980 -2.749175 0.137677 14.451920 1.404037 -0.478420 2.201620 0.152515 0.781250
110 216.007397 -14.372409 0.084208 5.746923 0.912944 -0.757540 2.474819 0.152515 0.781250
111 104.998528 -12.183742 0.132126 14.802458 1.498468 -0.592582 1.870909 0.152515 0.781250
112 250.193479 -4.652168 0.061063 15.458597 3.382872 -0.837465 1.971960 0.152515 0.781250
113 309.644063 34.752533 0.134645 50.000000 4.955576 -0.669293 2.400613 0.152515 0.781250
114 280.746356 51.643921 0.062749 13.624501 2.902305 -0.607400 2.704126 0.152515 0.781250
115 14.262777 65.598018 0.089729 17.441002 2.598615 -0.508665 2.365575 0.152515 0.781250
116 172.982501 35.016113 0.129730 14.741908 1.519893 -0.329681 2.164974 0.152515 0.781250
117 37.774864 -21.665437 0.064992 8.362113 1.720787 -0.539609 2.258679 0.152515 0.781250
118 87.136206 22.102792 0.072925 26.561468 4.861060 -0.453844 1.883769 0.152515 0.781250
119 355.198534 -7.168845 0.122225 21.845976 2.389783 -0.596240 2.440246 0.152515 0.781250
120 51.298395 -29.383889 0.122004 22.277254 2.441326 -0.519538 2.523591 0.152515 0.781250
121 179.599735 42.980010 0.114115 9.519635 1.115895 -0.857441 2.123264 0.152515 0.781250
122 222.536064 -67.390622 0.119395 30.248523 3.385421 -0.747365 2.117879 0.152515 0.781250
123 252.887389 53.467948 0.104272 7.441889 0.954714 -0.682888 2.338655 0.152515 0.781250
124 201.473526 -4.418736 0.075180 20.115260 3.574866 -0.616504 2.127875 0.152515 0.781250
125 3.517505 15.926437 0.084570 44.847956 7.058678 -0.872611 2.239052 0.152515 0.781250
126 117.526071 18.584799 0.068160 9.141112 1.793614 -0.815986 2.888808 0.152515 0.781250
127 186.376192 52.207523 0.140845 11.301114 1.073319 -0.733911 2.184784 0.152515 0.781250
128 31.631940 15.863076 0.108339 15.766318 1.946156 -0.317080 2.151389 0.152515 0.781250
129 126.225695 13.171536 0.090085 11.661728 1.731321 -0.701192 2.064629 0.152515 0.781250
130 11.953119 -60.076925 0.096201 6.908265 0.960618 -0.610775 2.482149 0.152515 0.781250
131 28.288259 2.109881 0.144728 15.523138 1.434614 -0.782341 2.204524 0.152515 0.781250
132 142.892379 -44.399892 0.065335 8.818911 1.805196 -0.533532 2.064079 0.152515 0.781250
133 47.777671 28.350726 0.108623 19.007743 2.339738 -0.731590 2.655283 0.152515 0.781250
134 204.314705 1.400668 0.100589 9.471981 1.259566 -0.775804 2.684772 0.152515 0.781250
135 248.207389 21.128176 0.111145 32.557814 3.912801 -0.590056 2.078764 0.152515 0.781250
136 288.211212 -66.441748 0.051811 10.139347 2.616290 -0.896697 1.698929 0.152515 0.781250
137 72.054088 -56.141492 0.137212 12.768988 1.244786 -0.895402 2.561145 0.152515 0.781250
138 60.293730 25.635649 0.143212 22.529123 2.103634 -0.768559 2.053502 0.152515 0.781250
139 37.644423 -58.851698 0.106513 8.106110 1.018035 -0.877967 2.496079 0.152515 0.781250
140 229.114890 -59.035533 0.119665 16.806743 1.878281 -0.835185 1.667860 0.152515 0.781250
141 254.331262 -77.364928 0.142250 28.835913 2.709927 -0.696684 2.526671 0.152515 0.781250
142 11.371012 65.923671 0.120724 6.714763 0.744069 -0.418449 1.895540 0.152515 0.781250
143 337.036409 28.360439 0.065254 16.450685 3.368811 -0.556771 2.478121 0.152515 0.781250
144 18.709662 -17.067444 0.107629 17.081425 2.122251 -0.592399 2.263173 0.152515 0.781250
145 194.866681 -24.012055 0.110672 22.174914 2.678610 -0.723907 1.972710 0.152515 0.781250
146 255.261787 -17.493256 0.092413 8.081479 1.169761 -0.340948 2.136780 0.152515 0.781250
147 313.548885 33.319488 0.123644 7.751000 0.838595 -0.661791 2.464787 0.152515 0.781250
148 257.071296 18.828784 0.143437 19.472846 1.815615 -0.847744 2.290660 0.152515 0.781250
149 288.622110 -39.021271 0.142557 17.401259 1.632582 -0.529760 2.434215 0.152515 0.781250
150 122.202069 -40.676041 0.095084 17.001416 2.390704 -0.831697 2.851824 0.152515 0.781250
151 293.337041 -53.437612 0.061324 17.836988 3.885313 -0.692866 1.789619 0.152515 0.781250
152 28.841345 18.699543 0.148484 10.676423 0.961845 -0.595553 2.744055 0.152515 0.781250
153 322.133996 31.920721 0.133890 16.847075 1.682876 -0.375466 2.290198 0.152515 0.781250
154 197.133255 -28.028269 0.062466 17.367253 3.714297 -0.603872 1.989256 0.152515 0.781250
155 294.227197 -73.357436 0.142084 10.494743 0.988059 -0.478645 1.859797 0.152515 0.781250
156 162.834582 -56.684277 0.136990 38.127563 3.718271 -0.304310 2.202155 0.152515 0.781250
157 231.687970 69.344790 0.101884 19.010029 2.494612 -0.821107 2.535386 0.152515 0.781250
158 189.504958 -24.148967 0.109128 8.268048 1.013499 -0.735161 2.220627 0.152515 0.781250
159 263.372228 32.577934 0.089900 20.828599 3.096534 -0.663254 2.712238 0.152515 0.781250
160 29.386794 14.437699 0.055476 9.213865 2.220843 -0.646903 1.823539 0.152515 0.781250
161 21.726750 -13.657695 0.083520 22.233330 3.556780 -0.653387 2.255265 0.152515 0.781250
162 88.957164 -36.059528 0.130285 26.771770 2.746936 -0.355433 1.883173 0.152515 0.781250
163 57.436085 -49.220357 0.050463 9.951358 2.636337 -0.471580 2.367981 0.152515 0.781250
164 313.842084 13.298599 0.083350 24.282071 3.891455 -0.535257 2.524958 0.152515 0.781250
165 78.917035 33.316779 0.089817 18.438496 2.744323 -0.714376 2.132663 0.152515 0.781250
166 351.311492 16.726800 0.103740 22.625561 2.915278 -0.405726 1.477627 0.152515 0.781250
167 121.282485 3.474498 0.141986 38.723502 3.643715 -0.326964 2.318576 0.152515 0.781250
168 65.562450 -66.362078 0.084635 13.268014 2.096351 -0.407281 2.389913 0.152515 0.781250
169 284.291463 69.550018 0.084695 10.290098 1.624964 -0.899061 2.380180 0.152515 0.781250
170 237.134799 36.685940 0.123750 9.614698 1.039303 -0.518159 2.629626 0.152515 0.781250
171 179.350458 -24.478763 0.095222 9.975629 1.401255 -0.869319 1.937575 0.152515 0.781250
172 199.930878 73.727657 0.072460 14.432742 2.662777 -0.745436 2.462956 0.152515 0.781250
173 258.912640 11.757106 0.095244 17.789817 2.497232 -0.864285 2.616644 0.152515 0.781250
174 82.243707 9.488249 0.064086 17.225582 3.591232 -0.537723 1.725315 0.152515 0.781250
175 358.680210 29.745371 0.067639 22.683592 4.477455 -0.488046 2.354787 0.152515 0.781250
176 350.925538 38.575076 0.099837 15.097832 2.022291 -0.831307 2.107637 0.152515 0.781250
177 234.117247 18.237537 0.091893 31.025742 4.507592 -0.669697 2.234435 0.152515 0.781250
178 71.835282 -48.056861 0.141485 13.140799 1.242352 -0.626258 2.363194 0.152515 0.781250
179 244.882167 -18.872603 0.086239 50.000000 7.709604 -0.678568 2.112723 0.152515 0.781250
180 25.991427 58.888931 0.108059 20.509411 2.537516 -0.827385 2.056179 0.152515 0.781250
181 11.034901 -33.419770 0.113226 9.771514 1.154397 -0.648631 2.269137 0.152515 0.781250
182 92.765840 -14.813050 0.051309 8.781120 2.288345 -0.449293 1.932718 0.152515 0.781250
183 166.544264 -7.807556 0.116354 19.092325 2.194149 -0.857395 1.933144 0.152515 0.781250
184 312.578102 -6.960787 0.067804 13.414267 2.644877 -0.851892 2.462703 0.152515 0.781250
185 261.780865 13.054582 0.146107 21.435543 1.961975 -0.687137 1.914253 0.152515 0.781250
186 267.374348 62.393582 0.064866 19.004371 3.913438 -0.334965 2.458785 0.152515 0.781250
187 153.177600 -31.239366 0.091462 14.463609 2.114641 -0.498856 2.397669 0.152515 0.781250
188 124.536597 -49.200192 0.058535 9.822281 2.243752 -0.492798 1.741149 0.152515 0.781250
189 133.573955 -37.233089 0.149687 7.033093 0.628555 -0.682848 2.055622 0.152515 0.781250
190 355.553843 50.700868 0.100220 11.998633 1.601277 -0.543804 2.617124 0.152515 0.781250
191 14.439309 16.955065 0.109539 23.017380 2.808930 -0.893921 1.964542 0.152515 0.781250
192 312.131339 -25.352521 0.056708 16.694796 3.932392 -0.518342 2.119570 0.152515 0.781250
193 208.323147 39.189988 0.124996 8.046046 0.861100 -0.352028 2.397510 0.152515 0.781250
194 157.901551 46.281165 0.070991 16.356750 3.079484 -0.532456 2.493909 0.152515 0.781250
195 261.092758 43.870336 0.139805 18.187033 1.739820 -0.375781 2.183430 0.152515 0.781250
196 175.200819 56.914098 0.070514 9.641932 1.828695 -0.465616 2.079638 0.152515 0.781250
197 314.432366 -29.703911 0.069069 16.198405 3.134418 -0.827665 2.685602 0.152515 0.781250
198 324.252671 30.669416 0.053655 15.442980 3.844755 -0.358528 2.780561 0.152515 0.781250
199 151.819534 -4.526548 0.097207 8.470293 1.165581 -0.860134 2.552549 0.152515 0.781250
200 99.658007 43.156786 0.106484 17.938404 2.252553 -0.579620 2.284487 0.152515 0.781250
201 213.246118 27.192491 0.056571 19.854734 4.684916 -0.814718 2.016412 0.152515 0.781250
202 328.450804 33.565842 0.127553 25.779403 2.701848 -0.892976 2.009758 0.152515 0.781250
203 75.838388 18.199322 0.095329 25.405133 3.560716 -0.646779 2.415646 0.152515 0.781250
204 224.267970 -40.176358 0.102439 7.532414 0.983617 -0.722976 2.384411 0.152515 0.781250
205 227.361679 5.166704 0.094076 9.385235 1.334401 -0.608400 2.679371 0.152515 0.781250
206 263.920688 75.775293 0.090076 19.405719 2.879740 -0.553680 2.454026 0.152515 0.781250
207 47.364367 61.018492 0.105964 19.393601 2.447010 -0.873757 1.807967 0.152515 0.781250
208 257.696987 -66.015087 0.065524 19.405840 3.955861 -0.826198 2.574476 0.152515 0.781250
209 327.251707 -42.095656 0.068193 50.000000 9.714965 -0.564815 1.959473 0.152515 0.781250
210 64.685919 -47.437713 0.136179 19.955314 1.959658 -0.694100 2.143700 0.152515 0.781250
211 85.515597 26.869494 0.144612 26.465262 2.446860 -0.462496 2.333951 0.152515 0.781250
212 349.702234 39.462322 0.087331 24.168523 3.697248 -0.508625 2.857592 0.152515 0.781250
213 65.151703 -34.958102 0.077074 20.774906 3.601273 -0.392637 3.191867 0.152515 0.781250
214 307.578634 0.670685 0.114400 12.812427 1.497982 -0.484504 2.440908 0.152515 0.781250
215 177.220028 42.953615 0.090873 21.922967 3.224065 -0.642041 2.203932 0.152515 0.781250
216 89.003187 27.749260 0.052539 10.192352 2.593575 -0.496220 2.419243 0.152515 0.781250
217 313.469964 4.845802 0.065615 13.324986 2.714793 -0.734771 2.525188 0.152515 0.781250
218 160.309892 10.410266 0.121597 11.767817 1.294489 -0.716212 2.162691 0.152515 0.781250
219 185.334247 0.958093 0.115892 15.626798 1.803315 -0.426609 2.797455 0.152515 0.781250
220 129.324013 -23.885055 0.052710 47.721379 11.936467 -0.632148 2.327913 0.152515 0.781250
221 213.462307 7.472134 0.072197 5.896846 1.092563 -0.420972 2.408214 0.152515 0.781250
222 58.868594 22.195657 0.073107 21.140281 3.862694 -0.406547 2.458669 0.152515 0.781250
223 140.789353 48.300659 0.117189 6.697218 0.764506 -0.385463 2.385367 0.152515 0.781250
224 348.988436 15.818011 0.051971 11.847114 3.046782 -0.350019 2.510574 0.152515 0.781250
225 92.928036 31.482833 0.060411 25.855556 5.706887 -0.641409 2.073715 0.152515 0.781250
226 236.425199 -42.832448 0.129992 15.489931 1.593757 -0.708680 2.091401 0.152515 0.781250
227 117.068423 -4.409541 0.067854 8.751086 1.724854 -0.550681 1.928845 0.152515 0.781250
228 278.450325 -78.913131 0.115275 10.489747 1.217211 -0.677297 2.390742 0.152515 0.781250
229 47.114518 -30.440431 0.073818 21.069976 3.812925 -0.539355 2.492572 0.152515 0.781250
230 349.135576 26.931403 0.059944 10.411041 2.322253 -0.476648 2.396223 0.152515 0.781250
231 163.364235 79.615383 0.074317 16.714548 3.006121 -0.486957 2.761239 0.152515 0.781250
232 84.978167 -53.287362 0.122227 15.345713 1.679177 -0.675268 2.257213 0.152515 0.781250
233 26.458829 -11.362246 0.135570 10.829242 1.068526 -0.799884 2.459514 0.152515 0.781250
234 61.112846 36.880064 0.133022 43.817016 4.398101 -0.641682 1.931381 0.152515 0.781250
235 187.118621 -36.293997 0.089718 20.594205 3.067951 -0.814444 2.142761 0.152515 0.781250
236 121.321144 6.325110 0.116809 5.449255 0.624087 -0.365942 2.467553 0.152515 0.781250
237 298.398012 27.784194 0.070498 16.465666 3.121547 -0.692474 2.513622 0.152515 0.781250
238 155.119509 13.413135 0.079315 10.774228 1.816714 -0.807324 2.170701 0.152515 0.781250
239 89.537138 -38.605201 0.139634 22.971788 2.199842 -0.884731 2.237412 0.152515 0.781250
240 222.172195 -16.811914 0.051300 10.092472 2.630107 -0.512507 1.803529 0.152515 0.781250
241 254.439798 34.581892 0.058551 14.163695 3.232824 -0.517859 2.151783 0.152515 0.781250
242 60.135087 6.226147 0.070789 19.308470 3.644166 -0.695638 2.526006 0.152515 0.781250
243 60.342918 -81.705949 0.052653 23.125313 5.855272 -0.856973 2.431453 0.152515 0.781250
244 13.201714 31.465262 0.068144 8.230955 1.615513 -0.654223 2.409091 0.152515 0.781250
245 265.104725 -68.337953 0.108304 12.689813 1.567118 -0.713270 2.273823 0.152515 0.781250
246 238.969630 29.437086 0.092142 11.829277 1.716992 -0.493728 2.261010 0.152515 0.781250
247 170.867115 -36.515404 0.139267 10.819884 1.039265 -0.536532 2.060795 0.152515 0.781250
248 303.901362 66.369139 0.131744 36.262252 3.677273 -0.681244 2.468540 0.152515 0.781250
249 290.041255 -15.314580 0.084182 18.366733 2.916344 -0.769264 2.385183 0.152515 0.781250
250 210.727571 -20.251204 0.075942 7.985347 1.406444 -0.307178 2.406497 0.152515 0.781250
251 312.577661 -44.605701 0.087969 23.735722 3.604939 -0.627599 2.101081 0.152515 0.781250
252 74.102836 -22.879328 0.109029 43.342267 5.303041 -0.487035 1.612888 0.152515 0.781250
253 40.291063 48.877181 0.076806 25.135541 4.369662 -0.815668 2.588037 0.152515 0.781250
254 97.109860 83.057841 0.112415 7.017207 0.835045 -0.608646 2.115240 0.152515 0.781250
255 20.551268 -15.270770 0.090941 11.774465 1.731603 -0.883478 2.000059 0.152515 0.781250
256 191.221030 -5.899205 0.105205 28.261650 3.589167 -0.596727 2.466935 0.152515 0.781250
257 337.178049 26.368449 0.093613 10.529865 1.504487 -0.321590 2.141288 0.152515 0.781250
258 14.163675 50.569137 0.079447 18.726880 3.150302 -0.669476 2.576872 0.152515 0.781250
259 43.959569 10.724611 0.144845 22.095351 2.039919 -0.876602 2.443993 0.152515 0.781250
260 162.791650 -12.529873 0.126361 9.436498 0.998976 -0.881427 2.463962 0.152515 0.781250
261 336.195006 -10.064478 0.064011 14.560138 3.040191 -0.667208 1.849105 0.152515 0.781250
262 113.816198 23.031447 0.136847 2.966600 0.290015 -0.803985 2.622475 0.152515 0.781250
263 182.604531 -83.495759 0.098743 8.987695 1.217520 -0.885989 2.337267 0.152515 0.781250
264 14.966229 13.838070 0.139455 13.220467 1.268064 -0.446272 2.148108 0.152515 0.781250
265 53.403552 -16.798934 0.129986 8.037826 0.827205 -0.624886 2.301908 0.152515 0.781250
266 355.186844 36.043171 0.092521 33.928516 4.894010 -0.726453 1.726021 0.152515 0.781250
267 347.442731 -54.490450 0.052247 7.337363 1.878121 -0.359950 2.381487 0.152515 0.781250
268 1.778393 10.160404 0.076868 12.037514 2.094109 -0.830317 1.950080 0.152515 0.781250
269 342.652243 -2.180873 0.104163 16.013314 2.055794 -0.326449 1.853090 0.152515 0.781250
270 230.083178 16.537991 0.113348 30.836124 3.634657 -0.711620 1.802184 0.152515 0.781250
271 312.450586 -60.492684 0.075789 7.316405 1.291277 -0.366958 2.592698 0.152515 0.781250
272 163.706348 9.205014 0.063936 26.832989 5.596826 -0.538234 2.070112 0.152515 0.781250
273 185.614570 7.063493 0.133493 15.076945 1.510616 -0.403976 2.719010 0.152515 0.781250
274 175.984769 6.968301 0.148440 9.182467 0.827518 -0.309592 2.098151 0.152515 0.781250
275 240.071133 11.945158 0.102569 18.898866 2.463496 -0.726957 1.746684 0.152515 0.781250
276 50.274452 20.666992 0.067168 16.569772 3.296666 -0.323319 1.923934 0.152515 0.781250
277 10.790492 37.587912 0.077231 11.111068 1.923988 -0.666311 2.629635 0.152515 0.781250
278 110.854779 -27.410247 0.051839 15.532758 4.002066 -0.668693 2.212122 0.152515 0.781250
279 253.685075 40.549053 0.141430 12.371475 1.170092 -0.695768 2.094405 0.152515 0.781250
280 72.667243 -0.199884 0.061775 15.876005 3.434055 -0.575155 2.306897 0.152515 0.781250
281 242.435676 -57.766713 0.107652 20.886762 2.593902 -0.807513 2.409426 0.152515 0.781250
282 349.168337 -61.993965 0.077406 33.150527 5.710539 -0.567773 2.594111 0.152515 0.781250
283 33.804258 -19.361264 0.105418 8.077985 1.025045 -0.574977 2.693441 0.152515 0.781250
284 242.136763 34.735859 0.115142 43.578630 5.050250 -0.442859 2.150961 0.152515 0.781250
285 159.750079 24.542107 0.132974 5.651982 0.568616 -0.399810 1.861077 0.152515 0.781250
286 312.531212 35.255946 0.070642 13.903737 2.631251 -0.635735 2.134852 0.152515 0.781250
287 63.773924 1.979282 0.051100 20.129951 5.255390 -0.718600 2.336976 0.152515 0.781250
288 249.345343 -6.869134 0.063689 17.262666 3.621325 -0.744399 1.969764 0.152515 0.781250
289 301.721504 -44.837215 0.140002 10.986865 1.049763 -0.783226 1.971746 0.152515 0.781250
290 340.061119 -20.097242 0.137389 13.517553 1.316042 -0.865411 2.362028 0.152515 0.781250
291 245.969290 -7.582941 0.109741 11.722965 1.428819 -0.694531 2.244296 0.152515 0.781250
292 178.982915 -55.365988 0.110052 11.171522 1.357795 -0.737851 2.268730 0.152515 0.781250
293 222.425006 -33.971199 0.116504 22.939292 2.632296 -0.320150 2.031343 0.152515 0.781250
294 312.805794 11.329475 0.067537 17.931482 3.547465 -0.565375 2.189771 0.152515 0.781250
295 205.419509 28.120419 0.141441 10.607862 1.003246 -0.691634 1.981621 0.152515 0.781250
296 10.939341 85.340476 0.091877 23.519977 3.420687 -0.551719 2.525951 0.152515 0.781250
297 335.141530 60.023071 0.088314 17.491236 2.647783 -0.816482 2.569466 0.152515 0.781250
298 248.229630 16.566643 0.101892 22.521744 2.954457 -0.633574 1.705035 0.152515 0.781250
299 243.544819 -9.062043 0.054697 20.550076 5.013519 -0.524259 1.980038 0.152515 0.781250
300 77.643055 15.804435 0.066628 9.910083 1.989041 -0.606661 1.809933 0.152515 0.781250
301 237.198769 34.841154 0.123803 11.335730 1.224760 -0.658933 2.063884 0.152515 0.781250
302 141.791186 -49.758438 0.058280 21.795358 4.990513 -0.303691 2.233860 0.152515 0.781250
303 234.443872 -10.380840 0.110315 20.353143 2.466764 -0.371811 1.823998 0.152515 0.781250
304 38.373491 42.812751 0.074535 14.844054 2.662441 -0.525956 1.982333 0.152515 0.781250
305 236.824310 -13.434529 0.088930 15.906278 2.391498 -0.558374 1.957704 0.152515 0.781250
306 359.788941 8.264585 0.078869 28.414019 4.808426 -0.527604 2.321072 0.152515 0.781250
307 17.356334 10.110010 0.085567 11.159203 1.744180 -0.779213 2.279695 0.152515 0.781250
308 351.782706 -39.127447 0.121905 19.719321 2.163045 -0.662917 2.042370 0.152515 0.781250
309 146.486866 -15.993549 0.079712 13.557689 2.274222 -0.876324 2.311938 0.152515 0.781250
310 313.471242 -19.328112 0.106640 13.453100 1.687232 -0.614672 2.094887 0.152515 0.781250
311 281.658774 -71.370952 0.097605 25.982900 3.556780 -0.574185 2.177395 0.152515 0.781250
312 204.125854 -72.104114 0.116367 22.663561 2.603747 -0.763350 2.760927 0.152515 0.781250
313 265.841715 41.559242 0.143683 22.529037 2.096734 -0.321583 2.661030 0.152515 0.781250
314 316.265602 -26.991504 0.123257 28.811932 3.124132 -0.354327 1.869017 0.152515 0.781250
315 145.490516 2.072126 0.071494 15.158359 2.834183 -0.466714 2.507811 0.152515 0.781250
316 117.731938 -23.737617 0.053118 21.094803 5.297745 -0.579968 2.502310 0.152515 0.781250
317 240.333619 61.806674 0.076226 12.844514 2.253140 -0.378019 1.914412 0.152515 0.781250
318 290.824539 -28.777302 0.109508 17.639371 2.153939 -0.821609 2.504525 0.152515 0.781250
319 274.422649 -8.087566 0.055143 14.055007 3.405901 -0.425694 2.720271 0.152515 0.781250
320 287.212914 48.198668 0.099637 15.745399 2.113186 -0.825108 1.922128 0.152515 0.781250
321 156.809993 43.146579 0.109684 20.198911 2.462159 -0.423474 1.983641 0.152515 0.781250
322 294.420318 -38.887788 0.083424 9.963614 1.597391 -0.734539 2.564190 0.152515 0.781250
323 43.275260 37.249470 0.127091 42.701918 4.485834 -0.373746 2.340340 0.152515 0.781250
324 196.016075 -4.797032 0.060660 9.070628 1.999677 -0.333575 2.424334 0.152515 0.781250
325 2.073118 -1.952001 0.057514 8.173980 1.900651 -0.810722 2.361068 0.152515 0.781250
326 116.850899 -47.141862 0.122819 26.765283 2.912945 -0.622395 2.376100 0.152515 0.781250
327 131.926153 -57.013300 0.099549 22.284281 2.992031 -0.311408 1.860950 0.152515 0.781250
328 142.622169 27.121480 0.118840 20.493548 2.305786 -0.609956 2.573087 0.152515 0.781250
329 250.368194 -0.405525 0.093483 20.536894 2.936452 -0.381871 2.609768 0.152515 0.781250
330 139.880916 -7.255754 0.074640 14.908430 2.670204 -0.546761 2.190074 0.152515 0.781250
331 161.529704 27.323659 0.131910 9.577561 0.971258 -0.674802 2.245848 0.152515 0.781250
332 85.515887 32.074790 0.129942 15.579446 1.603579 -0.728530 1.799559 0.152515 0.781250
333 134.370645 -43.014519 0.119470 10.691717 1.197090 -0.778066 2.413168 0.152515 0.781250
334 81.817066 12.735483 0.077215 24.425070 4.224244 -0.442921 2.430509 0.152515 0.781250
335 26.350533 -46.827059 0.109023 13.936642 1.709664 -0.668076 2.240234 0.152515 0.781250
336 217.241494 30.182117 0.086097 9.927430 1.542204 -0.593235 2.596197 0.152515 0.781250
337 240.556607 18.295043 0.059158 12.773303 2.886161 -0.604605 2.158668 0.152515 0.781250
338 223.016525 65.955494 0.141731 18.439884 1.740038 -0.553633 2.428273 0.152515 0.781250
339 166.857856 -59.551382 0.063682 11.315664 2.375829 -0.380654 1.952992 0.152515 0.781250
340 136.722881 -62.361314 0.145024 9.943708 0.917217 -0.311556 2.251826 0.152515 0.781250
341 310.800114 -25.825124 0.094601 16.943661 2.394751 -0.655449 2.206585 0.152515 0.781250
342 186.869443 -28.462836 0.068513 16.954503 3.306950 -0.403489 2.326484 0.152515 0.781250
343 172.505476 -30.400574 0.104190 11.641527 1.494462 -0.441283 2.148033 0.152515 0.781250
344 9.231144 54.341813 0.137295 11.852408 1.154767 -0.555883 2.219450 0.152515 0.781250
345 122.849218 -30.060065 0.123222 16.845359 1.828280 -0.326372 2.506706 0.152515 0.781250
346 136.870423 -27.135768 0.130656 7.271830 0.744543 -0.779715 2.127862 0.152515 0.781250
347 143.576201 31.251559 0.115878 7.421033 0.856702 -0.834441 1.776918 0.152515 0.781250
348 208.862053 -5.769133 0.119228 10.473289 1.175020 -0.387623 2.783767 0.152515 0.781250
349 192.096917 33.602034 0.134920 13.481611 1.336559 -0.636510 2.673328 0.152515 0.781250
350 218.845833 -60.373651 0.074967 17.522819 3.123952 -0.391819 1.871213 0.152515 0.781250
351 275.357974 -1.424383 0.098942 31.366119 4.233374 -0.364146 2.465804 0.152515 0.781250
352 292.674866 -68.871254 0.072121 23.031895 4.264472 -0.862525 2.107999 0.152515 0.781250
353 258.524307 -61.008733 0.148767 13.847171 1.245050 -0.369921 2.337938 0.152515 0.781250
354 343.988531 54.377776 0.144406 14.858054 1.376237 -0.631009 2.347159 0.152515 0.781250
355 6.563730 -46.179229 0.053943 9.086461 2.252363 -0.593741 2.188569 0.152515 0.781250
356 70.480075 3.717745 0.120558 14.861792 1.648758 -0.524044 2.023762 0.152515 0.781250
357 2.722635 -10.242154 0.142525 12.984040 1.218579 -0.344170 2.051729 0.152515 0.781250
358 233.090897 -17.777017 0.068058 17.626606 3.460699 -0.888530 1.984034 0.152515 0.781250
359 323.290998 53.098286 0.106795 9.918828 1.242348 -0.613894 2.009345 0.152515 0.781250
360 87.653627 -73.009497 0.141549 19.447596 1.837430 -0.487367 2.238738 0.152515 0.781250
361 333.732436 19.121919 0.053395 32.279090 8.034597 -0.466376 2.044163 0.152515 0.781250
362 21.696261 67.939666 0.119742 14.206081 1.586780 -0.484481 2.463507 0.152515 0.781250
363 336.396970 6.911516 0.079735 18.336728 3.073665 -0.819339 2.705065 0.152515 0.781250
364 126.584167 60.885006 0.142440 21.181374 1.988606 -0.720363 2.084875 0.152515 0.781250
365 36.511498 -63.570697 0.147106 12.273469 1.116047 -0.684771 2.330713 0.152515 0.781250
366 174.913833 -9.347004 0.144427 16.778469 1.553812 -0.417338 2.408797 0.152515 0.781250
367 92.439564 -28.664793 0.097421 15.094741 2.071962 -0.732744 2.400492 0.152515 0.781250
368 102.554245 27.493109 0.136204 15.750754 1.546697 -0.773577 2.281678 0.152515 0.781250
369 110.624387 74.279355 0.134455 10.191411 1.013940 -0.325531 2.481696 0.152515 0.781250
370 289.089323 -29.139646 0.081910 15.184957 2.478594 -0.894682 2.403566 0.152515 0.781250
371 194.098060 17.959774 0.132892 19.241114 1.936277 -0.301307 1.887593 0.152515 0.781250
372 112.070772 -37.142880 0.053701 30.988681 7.673877 -0.493907 2.519638 0.152515 0.781250
373 219.720162 7.507762 0.109627 24.232280 2.954552 -0.402918 2.525079 0.152515 0.781250
374 257.814243 -4.136625 0.073001 44.019884 8.014478 -0.723228 2.029906 0.152515 0.781250
375 98.144640 70.736387 0.062057 10.220305 2.202223 -0.891411 2.270273 0.152515 0.781250
376 148.877677 12.536091 0.057695 23.201351 5.364153 -0.457278 2.463890 0.152515 0.781250
377 43.878994 -17.516910 0.119629 16.440063 1.837885 -0.399513 2.196097 0.152515 0.781250
378 65.213766 -50.516563 0.083987 44.833322 7.104806 -0.455714 2.580785 0.152515 0.781250
379 245.202427 -44.227278 0.122477 10.013168 1.093617 -0.814290 2.968053 0.152515 0.781250
380 65.317805 -33.323538 0.056536 9.857073 2.331234 -0.447943 2.023096 0.152515 0.781250
381 189.058818 -29.872175 0.081529 11.115648 1.823374 -0.438646 1.844578 0.152515 0.781250
382 255.256654 44.525941 0.103949 5.186724 0.667502 -0.504876 2.350037 0.152515 0.781250
383 38.475692 7.033265 0.129072 11.532541 1.195168 -0.440330 2.475360 0.152515 0.781250
384 204.232399 2.681380 0.081875 10.262371 1.676375 -0.392447 2.189631 0.152515 0.781250
385 92.362602 -50.395417 0.112589 16.171446 1.920833 -0.531838 2.694870 0.152515 0.781250
386 346.653675 46.077552 0.138598 17.795190 1.717182 -0.846837 1.857310 0.152515 0.781250
387 174.076433 26.463564 0.111586 38.326272 4.585187 -0.607423 2.466767 0.152515 0.781250
388 290.157318 -59.844278 0.073296 24.125325 4.394812 -0.853410 2.077133 0.152515 0.781250
389 198.081555 24.561529 0.052440 11.241344 2.865448 -0.655474 2.774705 0.152515 0.781250
390 15.628512 4.995439 0.137010 9.572007 0.934572 -0.655736 2.856646 0.152515 0.781250
391 227.934495 -56.777509 0.052127 19.182718 4.911141 -0.860394 2.028894 0.152515 0.781250
392 342.505203 -4.783951 0.137470 7.751866 0.754350 -0.690708 2.094024 0.152515 0.781250
393 216.580255 -1.753950 0.102894 37.478955 4.861326 -0.833401 2.516768 0.152515 0.781250
394 294.907989 -41.947618 0.143907 27.052252 2.513295 -0.415059 2.142752 0.152515 0.781250
395 318.314327 63.049232 0.129878 11.863452 1.221824 -0.331387 2.245268 0.152515 0.781250
396 82.108718 44.423052 0.149793 6.369258 0.568829 -0.856610 2.266508 0.152515 0.781250
397 76.336142 19.757790 0.085071 29.517591 4.631812 -0.326931 1.682989 0.152515 0.781250
398 219.953156 -4.324716 0.126719 14.165087 1.495132 -0.586454 2.254740 0.152515 0.781250
399 147.970249 -10.164151 0.090193 27.853492 4.124348 -0.720261 2.051973 0.152515 0.781250
400 302.350069 17.574578 0.097988 6.758739 0.922693 -0.853883 2.110955 0.152515 0.781250
401 324.008324 5.213299 0.112751 11.115746 1.318692 -0.599625 2.691981 0.152515 0.781250
402 127.231697 -61.098727 0.137368 15.039379 1.464369 -0.423291 1.881939 0.152515 0.781250
403 85.273401 1.432847 0.148408 15.356526 1.384045 -0.475748 2.502853 0.152515 0.781250
404 280.989185 37.792762 0.126827 11.977351 1.263216 -0.869864 2.175202 0.152515 0.781250
405 98.930173 -4.675955 0.091777 20.480540 2.982747 -0.856259 2.174963 0.152515 0.781250
406 296.141155 -63.648375 0.092136 8.795498 1.276911 -0.658276 2.496003 0.152515 0.781250
407 152.545771 34.928684 0.123758 13.969278 1.509730 -0.722826 2.360907 0.152515 0.781250
408 240.317964 -36.674799 0.073878 15.929903 2.882260 -0.760569 2.430075 0.152515 0.781250
409 34.392713 -28.865708 0.061047 19.399933 4.243633 -0.731397 2.549347 0.152515 0.781250
410 224.589357 -42.112409 0.085462 21.409990 3.347709 -0.417910 2.159499 0.152515 0.781250
411 162.636364 -19.850670 0.078724 8.548272 1.452375 -0.342463 2.075220 0.152515 0.781250
412 211.179047 30.897447 0.079631 6.965665 1.170095 -0.656938 1.933346 0.152515 0.781250
413 60.485115 2.222013 0.073361 28.414188 5.167631 -0.356333 2.011268 0.152515 0.781250
414 265.274548 -36.173860 0.054209 17.711377 4.362525 -0.707103 3.143620 0.152515 0.781250
415 310.606948 49.083086 0.051787 10.317144 2.663314 -0.614138 2.632295 0.152515 0.781250
416 78.026328 49.390528 0.148772 32.577641 2.926979 -0.764383 1.853569 0.152515 0.781250
417 34.457240 47.830055 0.092777 15.893139 2.290532 -0.515714 1.862154 0.152515 0.781250
418 8.509891 -31.493886 0.088433 27.050319 4.085289 -0.312611 2.403451 0.152515 0.781250
419 231.109740 -5.596454 0.117965 15.515033 1.758993 -0.537904 2.423071 0.152515 0.781250
420 218.553853 75.925257 0.071825 42.031703 7.780684 -0.685312 2.423557 0.152515 0.781250
421 196.811069 32.958057 0.144996 36.079348 3.325173 -0.511310 2.182405 0.152515 0.781250
422 83.500955 -71.025813 0.128635 13.244311 1.377172 -0.826248 2.221255 0.152515 0.781250
423 140.726159 -60.411125 0.058941 24.381769 5.516985 -0.366805 2.357255 0.152515 0.781250
424 214.011481 -4.136753 0.091758 20.712516 3.017080 -0.598150 2.284659 0.152515 0.781250
425 178.836069 54.928976 0.137912 29.736224 2.882158 -0.630390 1.593101 0.152515 0.781250
426 355.602787 4.439340 0.144473 9.258930 0.857316 -0.548481 2.189951 0.152515 0.781250
427 49.118311 -0.250669 0.096740 21.138075 2.920668 -0.525130 2.003469 0.152515 0.781250
428 250.252039 -52.097063 0.111341 25.463917 3.056731 -0.856935 2.311455 0.152515 0.781250
429 145.554757 18.273917 0.066703 6.225666 1.248444 -0.490430 3.154469 0.152515 0.781250
430 154.151861 40.106194 0.149117 8.301373 0.744730 -0.754841 2.369136 0.152515 0.781250
431 258.335196 -13.836967 0.073167 5.411001 0.989278 -0.471628 2.164832 0.152515 0.781250
432 249.277014 33.451005 0.144273 13.109626 1.215457 -0.406479 2.535432 0.152515 0.781250
433 356.852158 68.272238 0.114965 21.473537 2.497262 -0.417625 2.403698 0.152515 0.781250
434 46.221944 -36.332276 0.110774 31.792446 3.833880 -0.568499 2.384920 0.152515 0.781250
435 37.479474 2.674350 0.101269 15.566133 2.055505 -0.587898 2.440947 0.152515 0.781250
436 260.761974 -25.196504 0.073067 33.864185 6.176361 -0.814274 2.875854 0.152515 0.781250
437 208.219290 35.853082 0.067653 7.523259 1.487382 -0.434792 1.919625 0.152515 0.781250
438 98.697840 8.927626 0.072049 6.400390 1.188279 -0.737154 2.400981 0.152515 0.781250
439 28.590973 15.614576 0.068644 14.589124 2.841002 -0.601983 1.980977 0.152515 0.781250
440 30.836970 36.571704 0.127958 18.175653 1.899599 -0.729436 2.425545 0.152515 0.781250
441 321.908715 -12.008632 0.085013 14.756783 2.320978 -0.819703 1.983285 0.152515 0.781250
442 69.072237 56.117247 0.055784 5.335215 1.279287 -0.522265 2.133681 0.152515 0.781250
443 116.413762 3.787587 0.146910 14.346273 1.306206 -0.867401 2.170364 0.152515 0.781250
444 81.596305 -43.164111 0.138379 7.813207 0.755327 -0.450813 2.551636 0.152515 0.781250
445 127.798670 23.066437 0.142775 20.965673 1.963748 -0.709448 2.534428 0.152515 0.781250
446 24.992583 35.910635 0.149491 18.017605 1.612011 -0.899919 1.885176 0.152515 0.781250
447 186.861525 -21.498486 0.067390 9.375598 1.860604 -0.593323 2.275372 0.152515 0.781250
448 24.340523 45.590652 0.089624 11.601295 1.731207 -0.871889 2.046017 0.152515 0.781250
449 288.128343 54.319935 0.125824 8.832547 0.939040 -0.734298 1.881340 0.152515 0.781250
450 84.136349 -26.499565 0.119602 14.537197 1.625644 -0.475814 2.193786 0.152515 0.781250
451 194.404289 75.249326 0.065390 24.182310 4.935296 -0.862386 2.166347 0.152515 0.781250
452 316.828472 -45.937115 0.131583 9.163124 0.931546 -0.396397 2.986906 0.152515 0.781250
453 234.315853 -36.581717 0.072444 19.299389 3.559439 -0.897708 2.388779 0.152515 0.781250
454 191.864803 -39.164595 0.072382 11.506607 2.125782 -0.751906 1.845606 0.152515 0.781250
455 116.760151 51.997084 0.103697 10.090696 1.301602 -0.455458 2.089459 0.152515 0.781250
456 119.880689 17.973983 0.109294 14.218373 1.739883 -0.710238 2.565306 0.152515 0.781250
457 241.015304 -44.090318 0.108009 8.939048 1.107079 -0.838865 2.885424 0.152515 0.781250
458 357.890170 -6.854773 0.059149 11.372811 2.570580 -0.683860 1.783096 0.152515 0.781250
459 238.262108 13.332166 0.137746 8.240914 0.800328 -0.737764 1.694914 0.152515 0.781250
460 200.802030 -56.415595 0.076560 40.061380 6.965892 -0.394373 2.820181 0.152515 0.781250
461 263.034184 49.892114 0.062951 15.266822 3.241000 -0.711991 2.375776 0.152515 0.781250
462 167.474020 37.387829 0.138875 10.571772 1.018307 -0.426641 1.998404 0.152515 0.781250
463 21.651243 0.596663 0.145565 16.693846 1.533893 -0.364877 2.419280 0.152515 0.781250
464 202.426854 69.107832 0.136213 14.180761 1.392503 -0.639710 1.468167 0.152515 0.781250
465 344.745102 -9.466914 0.130952 13.430999 1.371875 -0.354034 2.259904 0.152515 0.781250
466 63.109059 75.516714 0.115524 20.391814 2.360137 -0.673609 2.357238 0.152515 0.781250
467 248.401761 19.623626 0.105086 21.906953 2.786734 -0.321553 2.536172 0.152515 0.781250
468 72.336128 15.625148 0.058699 11.505206 2.620373 -0.846426 1.954723 0.152515 0.781250
469 192.897966 -41.919837 0.090845 11.247446 1.655886 -0.487788 2.284598 0.152515 0.781250
470 34.803522 49.805281 0.087269 13.072677 2.003218 -0.603712 1.981264 0.152515 0.781250
471 162.133537 -8.338473 0.075975 4.744991 0.835472 -0.667411 2.335506 0.152515 0.781250
472 272.218798 -42.495569 0.122342 7.031884 0.768900 -0.520373 1.990287 0.152515 0.781250
473 125.125749 -77.106101 0.099588 29.710108 3.984722 -0.477686 2.136461 0.152515 0.781250
474 239.368221 6.863903 0.058105 34.142197 7.812277 -0.897382 1.960147 0.152515 0.781250
475 286.361986 3.141339 0.072018 13.243835 2.458692 -0.799828 2.454232 0.152515 0.781250
476 333.784015 26.021427 0.118326 20.011932 2.261433 -0.472172 2.516427 0.152515 0.781250
477 84.471149 51.307854 0.057613 17.525821 4.062828 -0.500169 2.188505 0.152515 0.781250
478 143.753730 -57.265659 0.135121 50.000000 4.938225 -0.320371 2.270363 0.152515 0.781250
479 54.869765 27.580408 0.099515 26.254507 3.525075 -0.443377 1.824314 0.152515 0.781250
480 357.294061 -38.695115 0.098059 14.070655 1.918960 -0.329536 2.168988 0.152515 0.781250
481 333.720348 45.754283 0.109241 9.302470 1.139085 -0.478476 2.243830 0.152515 0.781250
482 194.384567 39.652298 0.132468 6.718246 0.678460 -0.721169 3.045129 0.152515 0.781250
483 303.131986 4.679822 0.084781 16.606298 2.618618 -0.836781 1.925301 0.152515 0.781250
484 187.544872 24.865249 0.117802 10.276655 1.166918 -0.430906 2.698145 0.152515 0.781250
485 224.490848 -21.795800 0.106573 7.366357 0.924628 -0.513510 2.557949 0.152515 0.781250
486 32.084796 -3.305749 0.076703 10.856498 1.892868 -0.871088 2.343082 0.152515 0.781250
487 271.897351 40.036374 0.137863 8.734461 0.847533 -0.683970 2.786477 0.152515 0.781250
488 45.976854 -4.673044 0.129743 34.869796 3.590853 -0.325920 2.370523 0.152515 0.781250
489 297.384347 -16.523194 0.115845 23.309712 2.689922 -0.599759 2.375639 0.152515 0.781250
490 281.530112 -0.663220 0.135058 14.940324 1.479594 -0.640363 2.242955 0.152515 0.781250
491 255.148091 41.033372 0.136729 31.438155 3.073111 -0.625380 2.625962 0.152515 0.781250
492 13.017737 -19.243522 0.120836 15.591632 1.725690 -0.774670 2.587832 0.152515 0.781250
493 109.126208 -40.728604 0.133701 9.751373 0.975636 -0.678776 2.071188 0.152515 0.781250
494 94.720525 25.089157 0.119747 32.124284 3.584274 -0.678112 1.863117 0.152515 0.781250
495 129.649107 40.689271 0.118014 19.638761 2.225163 -0.868587 2.197997 0.152515 0.781250
496 31.551389 -53.008525 0.111861 8.930096 1.067890 -0.439459 2.018880 0.152515 0.781250
497 337.304816 -31.349142 0.125272 13.638284 1.456174 -0.650097 2.239834 0.152515 0.781250
498 199.368807 -45.729811 0.065861 9.681735 1.965883 -0.406692 2.630123 0.152515 0.781250
499 109.988752 -17.705059 0.138087 7.513116 0.727853 -0.389791 2.121701 0.152515 0.781250
