VoidID RA Dec Redshift Radius_Mpc Radius_deg DensityContrast AspectRatio CentralDensity ClusteringStrength
0 313.863670 -11.890209 0.136265 10.255341 1.006748 -0.629789 2.445553 0.152515 0.781250
1 10.529022 -6.061443 0.122740 7.465627 0.813674 -0.450704 1.917241 0.152515 0.781250
2 297.294030 11.606478 0.084097 11.059456 1.758793 -0.509311 2.570625 0.152515 0.781250
3 46.393152 1.797025 0.197573 17.132144 1.159913 -0.527443 2.236162 0.152515 0.781250
4 120.642788 57.011929 0.129039 7.116136 0.737730 -0.688575 2.460036 0.152515 0.781250
5 267.662972 -0.347961 0.062701 7.116194 1.518004 -0.395131 1.937334 0.152515 0.781250
6 57.873563 79.839036 0.038321 17.620235 6.127964 -0.617228 1.792764 0.152515 0.781250
7 294.468129 44.656103 0.047515 11.741844 3.302384 -0.312537 2.504258 0.152515 0.781250
8 299.568304 -35.660342 0.064272 6.326229 1.316570 -0.519515 2.371814 0.152515 0.781250
9 182.688384 59.450508 0.048923 10.493138 2.867033 -0.824241 1.988276 0.152515 0.781250
10 2.298914 -50.109116 0.053582 6.345416 1.583908 -0.494293 1.997992 0.152515 0.781250
11 103.333728 39.412525 0.071317 6.338085 1.188781 -0.704938 2.596522 0.152515 0.781250
12 222.093691 -13.812977 0.051207 9.028829 2.357517 -0.488204 1.902068 0.152515 0.781250
13 353.227024 49.108329 0.181418 3.073452 0.226644 -0.858215 2.751693 0.152515 0.781250
14 227.452870 47.401379 0.034442 3.376983 1.311486 -0.795071 1.988705 0.152515 0.781250
15 93.529289 37.723449 0.114412 6.039358 0.706150 -0.386558 2.450409 0.152515 0.781250
16 228.242053 35.454824 0.093871 4.821215 0.687072 -0.763692 2.160306 0.152515 0.781250
17 194.394737 -22.994435 0.196828 9.361122 0.636243 -0.397775 2.439848 0.152515 0.781250
18 280.744342 -56.946478 0.040167 5.080601 1.691685 -0.732434 2.095657 0.152515 0.781250
19 38.513030 -11.188628 0.091614 3.948318 0.576548 -0.514271 2.210053 0.152515 0.781250
20 273.970045 -40.764464 0.194505 16.647598 1.144890 -0.483510 2.271167 0.152515 0.781250
21 194.855968 22.948413 0.175791 7.146005 0.543817 -0.592407 1.958235 0.152515 0.781250
22 346.677121 -17.926731 0.167073 8.274725 0.662564 -0.716814 2.481139 0.152515 0.781250
23 123.073980 72.030411 0.066423 3.923827 0.790255 -0.772413 2.104927 0.152515 0.781250
24 227.743882 16.376272 0.050760 6.093668 1.605630 -0.880086 2.190311 0.152515 0.781250
25 335.530118 40.162761 0.140356 8.456225 0.805968 -0.717632 1.960587 0.152515 0.781250
26 36.903502 -47.303047 0.187288 4.499403 0.321396 -0.508102 1.490191 0.152515 0.781250
27 337.402255 46.388129 0.120217 9.653210 1.074123 -0.337017 2.201583 0.152515 0.781250
28 247.638860 57.727089 0.122890 5.924653 0.644951 -0.377277 2.982676 0.152515 0.781250
29 24.421341 -1.482760 0.070396 6.914320 1.313784 -0.440361 2.494273 0.152515 0.781250
30 108.346884 12.269244 0.158509 5.921491 0.499766 -0.426932 2.253113 0.152515 0.781250
31 254.941952 31.979756 0.053668 20.197940 5.022020 -0.501009 2.180024 0.152515 0.781250
32 24.246217 -40.565940 0.078262 7.946193 1.358080 -0.743828 2.265631 0.152515 0.781250
33 209.581366 0.294052 0.096579 4.714232 0.652997 -0.355683 2.423027 0.152515 0.781250
34 124.517901 -11.693368 0.111370 12.069891 1.449582 -0.497561 1.904648 0.152515 0.781250
35 223.529586 -45.011769 0.063634 4.344974 0.913404 -0.563736 2.593188 0.152515 0.781250
36 16.467132 -15.362862 0.040671 8.880637 2.918686 -0.833406 2.473506 0.152515 0.781250
37 313.753250 -59.729520 0.129912 3.002984 0.309244 -0.631767 2.474347 0.152515 0.781250
38 350.456029 -71.509488 0.071953 4.117921 0.765597 -0.623785 2.390434 0.152515 0.781250
39 348.796028 -46.858520 0.124623 8.827503 0.947546 -0.381262 2.264776 0.152515 0.781250
40 269.874659 67.854599 0.047785 11.573000 3.236603 -0.572011 2.460750 0.152515 0.781250
41 46.831046 5.684990 0.106605 8.715697 1.093631 -0.671760 2.436436 0.152515 0.781250
42 272.974751 68.692603 0.115866 7.550527 0.871741 -0.313920 2.152679 0.152515 0.781250
43 8.851290 -7.758865 0.029328 6.881865 3.136073 -0.833568 2.086811 0.152515 0.781250
44 7.964479 -22.108872 0.080589 3.819733 0.634075 -0.646471 2.289448 0.152515 0.781250
45 116.499679 0.703823 0.044195 5.581845 1.689205 -0.874785 2.723597 0.152515 0.781250
46 175.911549 -6.948470 0.031407 6.354239 2.704628 -0.456058 1.887159 0.152515 0.781250
47 277.346670 -52.061453 0.198193 13.571916 0.916044 -0.349154 1.818634 0.152515 0.781250
48 245.986336 16.358864 0.078024 9.499609 1.628404 -0.731978 2.308320 0.152515 0.781250
49 160.524974 -34.605561 0.165777 3.313223 0.267376 -0.384995 2.274158 0.152515 0.781250
50 98.505600 13.837907 0.065835 9.407277 1.910926 -0.724669 2.310894 0.152515 0.781250
51 358.964820 17.481761 0.142670 6.598883 0.618756 -0.353538 2.332077 0.152515 0.781250
52 153.425269 -44.102992 0.156841 5.702933 0.486439 -0.447623 2.191931 0.152515 0.781250
53 162.499329 -61.318449 0.127215 10.862100 1.142137 -0.417056 2.705850 0.152515 0.781250
54 58.904576 34.161201 0.104884 13.395801 1.708173 -0.889196 1.778620 0.152515 0.781250
55 286.131438 -4.611509 0.094131 12.744268 1.810656 -0.322314 2.010342 0.152515 0.781250
56 249.725601 -62.088588 0.082796 5.258431 0.849598 -0.463997 2.227915 0.152515 0.781250
57 79.477061 81.782505 0.187315 6.854020 0.489510 -0.717149 1.765935 0.152515 0.781250
58 29.657176 -62.182548 0.169511 9.441107 0.745074 -0.402363 2.206135 0.152515 0.781250
59 244.979749 22.958884 0.193705 13.029475 0.899810 -0.731087 2.757332 0.152515 0.781250
60 235.624037 75.320357 0.042374 6.295622 1.986873 -0.376348 2.265157 0.152515 0.781250
61 98.373430 -31.442310 0.151556 7.290791 0.643551 -0.832452 2.328102 0.152515 0.781250
62 342.310882 -45.684295 0.188901 4.601002 0.325846 -0.477788 1.880842 0.152515 0.781250
63 54.380841 -49.220616 0.052622 4.398828 1.118188 -0.575581 2.073983 0.152515 0.781250
64 155.640528 -23.169321 0.031969 12.009577 5.012843 -0.842079 2.146332 0.152515 0.781250
65 339.701731 -52.930829 0.153402 15.761363 1.374296 -0.754864 2.163577 0.152515 0.781250
66 151.101834 22.601698 0.123405 7.717083 0.836544 -0.892558 2.643384 0.152515 0.781250
67 229.869341 -61.094295 0.171529 13.213090 1.030432 -0.618739 2.426199 0.152515 0.781250
68 143.133983 1.079760 0.045159 9.585577 2.837386 -0.719241 1.925454 0.152515 0.781250
69 98.717473 83.410448 0.163148 5.794340 0.475129 -0.540986 2.332843 0.152515 0.781250
70 354.231953 38.898342 0.056293 9.584425 2.276584 -0.721657 2.408358 0.152515 0.781250
71 147.360242 13.322912 0.049458 17.261176 4.658806 -0.720049 2.600936 0.152515 0.781250
72 321.875713 -22.798581 0.049568 7.857972 2.119884 -0.454084 2.733054 0.152515 0.781250
73 82.783658 14.346873 0.166623 17.492345 1.404187 -0.871114 1.954363 0.152515 0.781250
74 76.717693 3.100236 0.139735 2.158836 0.206686 -0.358263 2.015634 0.152515 0.781250
75 11.208270 -8.501380 0.114152 12.066015 1.413816 -0.388642 1.881618 0.152515 0.781250
76 234.600057 -47.610529 0.084589 8.355877 1.321291 -0.499317 2.188685 0.152515 0.781250
77 132.669484 50.642884 0.177896 6.889082 0.518064 -0.544067 2.398799 0.152515 0.781250
78 311.168970 -5.763973 0.090640 8.375593 1.236026 -0.364619 2.555092 0.152515 0.781250
79 170.355566 -37.644113 0.166988 2.961385 0.237251 -0.788802 2.236106 0.152515 0.781250
80 348.549634 -15.336134 0.099044 7.167849 0.968095 -0.852619 2.162937 0.152515 0.781250
81 66.789186 -9.889031 0.087850 9.563921 1.456132 -0.756294 2.304419 0.152515 0.781250
82 312.704340 40.925397 0.103282 16.749838 2.168588 -0.423253 2.008348 0.152515 0.781250
83 279.574867 27.854559 0.074248 6.173750 1.112268 -0.879198 2.885753 0.152515 0.781250
84 277.531864 32.589051 0.154570 5.339835 0.462162 -0.550316 1.776593 0.152515 0.781250
85 304.121962 -77.942230 0.110490 6.224935 0.753682 -0.302737 2.314314 0.152515 0.781250
86 273.968637 -9.653654 0.061798 12.643492 2.735020 -0.386582 2.865973 0.152515 0.781250
87 225.439316 -2.138299 0.181923 9.429255 0.693374 -0.587133 2.260931 0.152515 0.781250
88 47.248156 -74.073698 0.089100 6.138384 0.921588 -0.861815 2.201880 0.152515 0.781250
89 11.709425 -28.709804 0.117840 10.340573 1.173797 -0.401176 2.151658 0.152515 0.781250
90 331.505225 31.371141 0.183165 8.397889 0.613354 -0.540613 2.204774 0.152515 0.781250
91 221.994113 -46.533822 0.132363 12.984600 1.312159 -0.831040 2.670746 0.152515 0.781250
92 286.753425 4.049614 0.041042 5.631721 1.835134 -0.843686 1.595333 0.152515 0.781250
93 173.348047 -34.722076 0.189170 6.791083 0.480261 -0.354224 2.718921 0.152515 0.781250
94 42.230948 -77.358487 0.132987 6.575742 0.661477 -0.498480 1.831704 0.152515 0.781250
95 45.066885 -31.171206 0.080283 3.848502 0.641283 -0.402428 2.178896 0.152515 0.781250
96 246.803503 72.128563 0.045069 9.276661 2.751566 -0.372613 2.130118 0.152515 0.781250
97 154.910122 37.090391 0.162925 9.115435 0.748456 -0.556937 2.435457 0.152515 0.781250
98 72.188902 66.802611 0.131613 8.020480 0.815215 -0.589532 1.779454 0.152515 0.781250
99 176.974037 -1.391961 0.116023 7.114593 0.820307 -0.641744 2.397543 0.152515 0.781250
100 23.115217 -51.308908 0.180901 3.942268 0.291543 -0.709832 2.866184 0.152515 0.781250
101 209.509705 5.504215 0.161947 6.482582 0.535502 -0.639242 1.849939 0.152515 0.781250
102 96.837626 -5.235254 0.047301 6.740164 1.905617 -0.435672 2.315803 0.152515 0.781250
103 287.121276 43.528410 0.076110 5.356458 0.941449 -0.538846 2.060297 0.152515 0.781250
104 111.730305 -53.497879 0.064728 7.380185 1.525008 -0.364486 2.386658 0.152515 0.781250
105 163.879254 -1.347591 0.153910 9.791033 0.850998 -0.633972 2.264636 0.152515 0.781250
106 4.183394 -44.419196 0.026036 20.543293 10.438918 -0.535746 2.066445 0.152515 0.781250
107 26.080880 -20.526964 0.122580 8.729695 0.952662 -0.521215 2.405253 0.152515 0.781250
108 141.297680 28.340740 0.157243 9.099475 0.774140 -0.544982 2.800196 0.152515 0.781250
109 172.777980 -2.749175 0.177818 7.707690 0.579875 -0.478420 2.201620 0.152515 0.781250
110 216.007397 -14.372409 0.081575 3.065026 0.502652 -0.757540 2.474819 0.152515 0.781250
111 104.998528 -12.183742 0.167826 7.894644 0.629296 -0.592582 1.870909 0.152515 0.781250
112 250.193479 -4.652168 0.039914 8.244585 2.761279 -0.837465 1.971960 0.152515 0.781250
113 309.644063 34.752533 0.172361 27.414240 2.126849 -0.669293 2.400613 0.152515 0.781250
114 280.746356 51.643921 0.042948 7.266401 2.262304 -0.607400 2.704126 0.152515 0.781250
115 14.262777 65.598018 0.091512 9.301868 1.359602 -0.508665 2.365575 0.152515 0.781250
116 172.982501 35.016113 0.163513 7.862351 0.643252 -0.329681 2.164974 0.152515 0.781250
117 37.774864 -21.665437 0.046985 4.459794 1.269647 -0.539609 2.258679 0.152515 0.781250
118 87.136206 22.102792 0.061265 14.166116 3.090403 -0.453844 1.883769 0.152515 0.781250
119 355.198534 -7.168845 0.150005 11.651187 1.039000 -0.596240 2.440246 0.152515 0.781250
120 51.298395 -29.383889 0.149607 11.881202 1.062331 -0.519538 2.523591 0.152515 0.781250
121 179.599735 42.980010 0.135407 5.077138 0.501612 -0.857441 2.123264 0.152515 0.781250
122 222.536064 -67.390622 0.144911 16.132546 1.489034 -0.747365 2.117879 0.152515 0.781250
123 252.887389 53.467948 0.117690 3.969007 0.451161 -0.682888 2.338655 0.152515 0.781250
124 201.473526 -4.418736 0.065324 10.728139 2.196039 -0.616504 2.127875 0.152515 0.781250
125 3.517505 15.926437 0.082225 23.918910 3.885702 -0.872611 2.239052 0.152515 0.781250
126 117.526071 18.584799 0.052688 4.875260 1.237718 -0.815986 2.888808 0.152515 0.781250
127 186.376192 52.207523 0.183521 6.027261 0.439365 -0.733911 2.184784 0.152515 0.781250
128 31.631940 15.863076 0.125011 8.408703 0.899801 -0.317080 2.151389 0.152515 0.781250
129 126.225695 13.171536 0.092153 6.219588 0.902849 -0.701192 2.064629 0.152515 0.781250
130 11.953119 -60.076925 0.103161 3.684408 0.477795 -0.610775 2.482149 0.152515 0.781250
131 28.288259 2.109881 0.190511 8.279007 0.581357 -0.782341 2.204524 0.152515 0.781250
132 142.892379 -44.399892 0.047603 4.703419 1.321600 -0.533532 2.064079 0.152515 0.781250
133 47.777671 28.350726 0.125521 10.137463 1.080339 -0.731590 2.655283 0.152515 0.781250
134 204.314705 1.400668 0.111060 5.051723 0.608507 -0.775804 2.684772 0.152515 0.781250
135 248.207389 21.128176 0.130062 17.364168 1.785516 -0.590056 2.078764 0.152515 0.781250
136 288.211212 -66.441748 0.023260 5.407652 3.107249 -0.896697 1.698929 0.152515 0.781250
137 72.054088 -56.141492 0.176982 6.810127 0.514771 -0.895402 2.561145 0.152515 0.781250
138 60.293730 25.635649 0.187781 12.015532 0.855970 -0.768559 2.053502 0.152515 0.781250
139 37.644423 -58.851698 0.121724 4.323258 0.475144 -0.877967 2.496079 0.152515 0.781250
140 229.114890 -59.035533 0.145397 8.963596 0.824701 -0.835185 1.667860 0.152515 0.781250
141 254.331262 -77.364928 0.186050 15.379153 1.105730 -0.696684 2.526671 0.152515 0.781250
142 11.371012 65.923671 0.147303 3.581207 0.325247 -0.418449 1.895540 0.152515 0.781250
143 337.036409 28.360439 0.047457 8.773699 2.471796 -0.556771 2.478121 0.152515 0.781250
144 18.709662 -17.067444 0.123732 9.110093 0.984914 -0.592399 2.263173 0.152515 0.781250
145 194.866681 -24.012055 0.129209 11.826621 1.224342 -0.723907 1.972710 0.152515 0.781250
146 255.261787 -17.493256 0.096344 4.310122 0.598482 -0.340948 2.136780 0.152515 0.781250
147 313.548885 33.319488 0.152560 4.133867 0.362502 -0.661791 2.464787 0.152515 0.781250
148 257.071296 18.828784 0.188186 10.385518 0.738272 -0.847744 2.290660 0.152515 0.781250
149 288.622110 -39.021271 0.186602 9.280671 0.665339 -0.529760 2.434215 0.152515 0.781250
150 122.202069 -40.676041 0.101151 9.067422 1.199085 -0.831697 2.851824 0.152515 0.781250
151 293.337041 -53.437612 0.040383 9.513061 3.148371 -0.692866 1.789619 0.152515 0.781250
152 28.841345 18.699543 0.197271 5.694092 0.386148 -0.595553 2.744055 0.152515 0.781250
153 322.133996 31.920721 0.171002 8.985107 0.702912 -0.375466 2.290198 0.152515 0.781250
154 197.133255 -28.028269 0.042439 9.262535 2.917335 -0.603872 1.989256 0.152515 0.781250
155 294.227197 -73.357436 0.185752 5.597196 0.403117 -0.478645 1.859797 0.152515 0.781250
156 162.834582 -56.684277 0.176581 20.334700 1.540240 -0.304310 2.202155 0.152515 0.781250
157 231.687970 69.344790 0.113391 10.138682 1.196025 -0.821107 2.535386 0.152515 0.781250
158 189.504958 -24.148967 0.126430 4.409626 0.466599 -0.735161 2.220627 0.152515 0.781250
159 263.372228 32.577934 0.091820 11.108586 1.618094 -0.663254 2.712238 0.152515 0.781250
160 29.386794 14.437699 0.029857 4.914061 2.200794 -0.646903 1.823539 0.152515 0.781250
161 21.726750 -13.657695 0.080336 11.857776 1.973894 -0.653387 2.255265 0.152515 0.781250
162 88.957164 -36.059528 0.164514 14.278278 1.160953 -0.355433 1.883173 0.152515 0.781250
163 57.436085 -49.220357 0.020834 5.307391 3.404097 -0.471580 2.367981 0.152515 0.781250
164 313.842084 13.298599 0.080030 12.950438 2.163844 -0.535257 2.524958 0.152515 0.781250
165 78.917035 33.316779 0.091670 9.833865 1.434843 -0.714376 2.132663 0.152515 0.781250
166 351.311492 16.726800 0.116731 12.066966 1.382696 -0.405726 1.477627 0.152515 0.781250
167 121.282485 3.474498 0.185574 20.652534 1.488533 -0.326964 2.318576 0.152515 0.781250
168 65.562450 -66.362078 0.082342 7.076274 1.149538 -0.407281 2.389913 0.152515 0.781250
169 284.291463 69.550018 0.082452 5.488053 0.890398 -0.899061 2.380180 0.152515 0.781250
170 237.134799 36.685940 0.152750 5.127839 0.449101 -0.518159 2.629626 0.152515 0.781250
171 179.350458 -24.478763 0.101399 5.320336 0.701912 -0.869319 1.937575 0.152515 0.781250
172 199.930878 73.727657 0.060429 7.697462 1.703629 -0.745436 2.462956 0.152515 0.781250
173 258.912640 11.757106 0.101439 9.487902 1.251111 -0.864285 2.616644 0.152515 0.781250
174 82.243707 9.488249 0.045354 9.186977 2.707890 -0.537723 1.725315 0.152515 0.781250
175 358.680210 29.745371 0.051750 12.097916 3.124440 -0.488046 2.354787 0.152515 0.781250
176 350.925538 38.575076 0.109706 8.052177 0.981837 -0.831307 2.107637 0.152515 0.781250
177 234.117247 18.237537 0.095407 16.547062 2.319024 -0.669697 2.234435 0.152515 0.781250
178 71.835282 -48.056861 0.184672 7.008426 0.507700 -0.626258 2.363194 0.152515 0.781250
179 244.882167 -18.872603 0.085231 31.172183 4.881100 -0.678568 2.112723 0.152515 0.781250
180 25.991427 58.888931 0.124506 10.938353 1.175171 -0.827385 2.056179 0.152515 0.781250
181 11.034901 -33.419770 0.133808 5.211474 0.521036 -0.648631 2.269137 0.152515 0.781250
182 92.765840 -14.813050 0.022357 4.683264 2.800200 -0.449293 1.932718 0.152515 0.781250
183 166.544264 -7.807556 0.139437 10.182573 0.976873 -0.857395 1.933144 0.152515 0.781250
184 312.578102 -6.960787 0.052046 7.154275 1.838338 -0.851892 2.462703 0.152515 0.781250
185 261.780865 13.054582 0.192993 11.432290 0.792437 -0.687137 1.914253 0.152515 0.781250
186 267.374348 62.393582 0.046759 10.135665 2.897436 -0.334965 2.458785 0.152515 0.781250
187 153.177600 -31.239366 0.094632 7.713925 1.090394 -0.498856 2.397669 0.152515 0.781250
188 124.536597 -49.200192 0.035363 5.238550 1.981023 -0.492798 1.741149 0.152515 0.781250
189 133.573955 -37.233089 0.199437 3.750983 0.251615 -0.682848 2.055622 0.152515 0.781250
190 355.553843 50.700868 0.110395 6.399271 0.775451 -0.543804 2.617124 0.152515 0.781250
191 14.439309 16.955065 0.127169 12.275936 1.291216 -0.893921 1.964542 0.152515 0.781250
192 312.131339 -25.352521 0.032074 8.903891 3.708709 -0.518342 2.119570 0.152515 0.781250
193 208.323147 39.189988 0.154993 4.291225 0.370394 -0.352028 2.397510 0.152515 0.781250
194 157.901551 46.281165 0.057783 8.723600 2.018905 -0.532456 2.493909 0.152515 0.781250
195 261.092758 43.870336 0.181650 9.699751 0.714337 -0.375781 2.183430 0.152515 0.781250
196 175.200819 56.914098 0.056925 5.142364 1.208354 -0.465616 2.079638 0.152515 0.781250
197 314.432366 -29.703911 0.054324 8.639149 2.126578 -0.827665 2.685602 0.152515 0.781250
198 324.252671 30.669416 0.026579 8.236256 4.138434 -0.358528 2.780561 0.152515 0.781250
199 151.819534 -4.526548 0.104972 4.517489 0.575717 -0.860134 2.552549 0.152515 0.781250
200 99.658007 43.156786 0.121671 9.567149 1.051829 -0.579620 2.284487 0.152515 0.781250
201 213.246118 27.192491 0.031828 10.589191 4.442098 -0.814718 2.016412 0.152515 0.781250
202 328.450804 33.565842 0.159595 13.749015 1.152375 -0.892976 2.009758 0.152515 0.781250
203 75.838388 18.199322 0.101592 13.549404 1.783694 -0.646779 2.415646 0.152515 0.781250
204 224.267970 -40.176358 0.114390 4.017287 0.469823 -0.722976 2.384411 0.152515 0.781250
205 227.361679 5.166704 0.099337 5.005459 0.674080 -0.608400 2.679371 0.152515 0.781250
206 263.920688 75.775293 0.092137 10.349717 1.502426 -0.553680 2.454026 0.152515 0.781250
207 47.364367 61.018492 0.120735 10.343254 1.145949 -0.873757 1.807967 0.152515 0.781250
208 257.696987 -66.015087 0.047943 10.349781 2.885601 -0.826198 2.574476 0.152515 0.781250
209 327.251707 -42.095656 0.052747 50.000000 12.480328 -0.564815 1.959473 0.152515 0.781250
210 64.685919 -47.437713 0.175121 10.642834 0.812997 -0.694100 2.143700 0.152515 0.781250
211 85.515597 26.869494 0.190301 14.114807 0.992181 -0.462496 2.333951 0.152515 0.781250
212 349.702234 39.462322 0.087196 12.889879 1.976885 -0.508625 2.857592 0.152515 0.781250
213 65.151703 -34.958102 0.068734 11.079950 2.155564 -0.392637 3.191867 0.152515 0.781250
214 307.578634 0.670685 0.135920 6.833295 0.672554 -0.484504 2.440908 0.152515 0.781250
215 177.220028 42.953615 0.093572 11.692249 1.671199 -0.642041 2.203932 0.152515 0.781250
216 89.003187 27.749260 0.024570 5.435921 2.957264 -0.496220 2.419243 0.152515 0.781250
217 313.469964 4.845802 0.048107 7.106659 1.975517 -0.734771 2.525188 0.152515 0.781250
218 160.309892 10.410266 0.148875 6.276169 0.563974 -0.716212 2.162691 0.152515 0.781250
219 185.334247 0.958093 0.138606 8.334292 0.804372 -0.426609 2.797455 0.152515 0.781250
220 129.324013 -23.885055 0.024877 25.451402 13.435232 -0.632148 2.327913 0.152515 0.781250
221 213.462307 7.472134 0.059955 3.144984 0.701732 -0.420972 2.408214 0.152515 0.781250
222 58.868594 22.195657 0.061593 11.274817 2.447432 -0.406547 2.458669 0.152515 0.781250
223 140.789353 48.300659 0.140941 3.571850 0.339041 -0.385463 2.385367 0.152515 0.781250
224 348.988436 15.818011 0.023548 6.318461 3.585022 -0.350019 2.510574 0.152515 0.781250
225 92.928036 31.482833 0.038740 13.789630 4.751175 -0.641409 2.073715 0.152515 0.781250
226 236.425199 -42.832448 0.163985 8.261297 0.673945 -0.708680 2.091401 0.152515 0.781250
227 117.068423 -4.409541 0.052138 4.667246 1.197410 -0.550681 1.928845 0.152515 0.781250
228 278.450325 -78.913131 0.137494 5.594532 0.544335 -0.677297 2.390742 0.152515 0.781250
229 47.114518 -30.440431 0.062873 11.237320 2.389722 -0.539355 2.492572 0.152515 0.781250
230 349.135576 26.931403 0.037899 5.552555 1.959253 -0.476648 2.396223 0.152515 0.781250
231 163.364235 79.615383 0.063771 8.914426 1.869459 -0.486957 2.761239 0.152515 0.781250
232 84.978167 -53.287362 0.150008 8.184380 0.729874 -0.675268 2.257213 0.152515 0.781250
233 26.458829 -11.362246 0.174025 5.775595 0.443992 -0.799884 2.459514 0.152515 0.781250
234 61.112846 36.880064 0.169440 23.369075 1.844491 -0.641682 1.931381 0.152515 0.781250
235 187.118621 -36.293997 0.091493 10.983576 1.605617 -0.814444 2.142761 0.152515 0.781250
236 121.321144 6.325110 0.140255 2.906269 0.277213 -0.365942 2.467553 0.152515 0.781250
237 298.398012 27.784194 0.056897 8.781688 2.063951 -0.692474 2.513622 0.152515 0.781250
238 155.119509 13.413135 0.072767 5.746255 1.056340 -0.807324 2.170701 0.152515 0.781250
239 89.537138 -38.605201 0.181340 12.251620 0.903780 -0.884731 2.237412 0.152515 0.781250
240 222.172195 -16.811914 0.022340 5.382652 3.219948 -0.512507 1.803529 0.152515 0.781250
241 254.439798 34.581892 0.035392 7.553971 2.853098 -0.517859 2.151783 0.152515 0.781250
242 60.135087 6.226147 0.057420 10.297850 2.397912 -0.695638 2.526006 0.152515 0.781250
243 60.342918 -81.705949 0.024776 12.333500 6.630010 -0.856973 2.431453 0.152515 0.781250
244 13.201714 31.465262 0.052658 4.389842 1.115133 -0.654223 2.409091 0.152515 0.781250
245 265.104725 -68.337953 0.124947 6.767901 0.724608 -0.713270 2.273823 0.152515 0.781250
246 238.969630 29.437086 0.095856 6.308948 0.880444 -0.493728 2.261010 0.152515 0.781250
247 170.867115 -36.515404 0.180681 5.770605 0.427269 -0.536532 2.060795 0.152515 0.781250
248 303.901362 66.369139 0.167140 19.339868 1.547633 -0.681244 2.468540 0.152515 0.781250
249 290.041255 -15.314580 0.081527 9.795591 1.606995 -0.769264 2.385183 0.152515 0.781250
250 210.727571 -20.251204 0.066696 4.258852 0.854199 -0.307178 2.406497 0.152515 0.781250
251 312.577661 -44.605701 0.088345 12.659052 1.916280 -0.627599 2.101081 0.152515 0.781250
252 74.102836 -22.879328 0.126253 23.115876 2.447958 -0.487035 1.612888 0.152515 0.781250
253 40.291063 48.877181 0.068251 13.405622 2.625855 -0.815668 2.588037 0.152515 0.781250
254 97.109860 83.057841 0.132347 3.742510 0.378306 -0.608646 2.115240 0.152515 0.781250
255 20.551268 -15.270770 0.093694 6.279714 0.896586 -0.883478 2.000059 0.152515 0.781250
256 191.221030 -5.899205 0.119368 15.072880 1.688810 -0.596727 2.466935 0.152515 0.781250
257 337.178049 26.368449 0.098503 5.615928 0.762689 -0.321590 2.141288 0.152515 0.781250
258 14.163675 50.569137 0.073004 9.987669 1.829662 -0.669476 2.576872 0.152515 0.781250
259 43.959569 10.724611 0.190722 11.784187 0.826551 -0.876602 2.443993 0.152515 0.781250
260 162.791650 -12.529873 0.157449 5.032799 0.427623 -0.881427 2.463962 0.152515 0.781250
261 336.195006 -10.064478 0.045220 7.765407 2.296135 -0.667208 1.849105 0.152515 0.781250
262 113.816198 23.031447 0.176324 2.000000 0.151746 -0.803985 2.622475 0.152515 0.781250
263 182.604531 -83.495759 0.107738 4.793437 0.595202 -0.885989 2.337267 0.152515 0.781250
264 14.966229 13.838070 0.181019 7.050915 0.521085 -0.446272 2.148108 0.152515 0.781250
265 53.403552 -16.798934 0.163974 4.286840 0.349749 -0.624886 2.301908 0.152515 0.781250
266 355.186844 36.043171 0.096538 18.095209 2.506030 -0.726453 1.726021 0.152515 0.781250
267 347.442731 -54.490450 0.024044 3.913260 2.176278 -0.359950 2.381487 0.152515 0.781250
268 1.778393 10.160404 0.068362 6.420008 1.256179 -0.830317 1.950080 0.152515 0.781250
269 342.652243 -2.180873 0.117494 8.540434 0.972348 -0.326449 1.853090 0.152515 0.781250
270 230.083178 16.537991 0.134026 16.445933 1.641158 -0.711620 1.802184 0.152515 0.781250
271 312.450586 -60.492684 0.066420 3.902083 0.785908 -0.366958 2.592698 0.152515 0.781250
272 163.706348 9.205014 0.045084 14.310928 4.238879 -0.538234 2.070112 0.152515 0.781250
273 185.614570 7.063493 0.170287 8.041037 0.631701 -0.403976 2.719010 0.152515 0.781250
274 175.984769 6.968301 0.197192 4.897316 0.332249 -0.309592 2.098151 0.152515 0.781250
275 240.071133 11.945158 0.114624 10.079395 1.176243 -0.726957 1.746684 0.152515 0.781250
276 50.274452 20.666992 0.050902 8.837212 2.321348 -0.323319 1.923934 0.152515 0.781250
277 10.790492 37.587912 0.069015 5.925903 1.148552 -0.666311 2.629635 0.152515 0.781250
278 110.854779 -27.410247 0.023310 8.284138 4.743568 -0.668693 2.212122 0.152515 0.781250
279 253.685075 40.549053 0.184574 6.598120 0.478234 -0.695768 2.094405 0.152515 0.781250
280 72.667243 -0.199884 0.041195 8.467203 2.747643 -0.575155 2.306897 0.152515 0.781250
281 242.435676 -57.766713 0.123773 11.139606 1.203871 -0.807513 2.409426 0.152515 0.781250
282 349.168337 -61.993965 0.069330 17.680281 3.407657 -0.567773 2.594111 0.152515 0.781250
283 33.804258 -19.361264 0.119752 4.308259 0.481292 -0.574977 2.693441 0.152515 0.781250
284 242.136763 34.735859 0.137256 23.241936 2.264205 -0.442859 2.150961 0.152515 0.781250
285 159.750079 24.542107 0.169354 3.014390 0.238124 -0.399810 1.861077 0.152515 0.781250
286 312.531212 35.255946 0.057156 7.415326 1.735150 -0.635735 2.134852 0.152515 0.781250
287 63.773924 1.979282 0.021979 10.735974 6.506628 -0.718600 2.336976 0.152515 0.781250
288 249.345343 -6.869134 0.044639 9.206755 2.757101 -0.744399 1.969764 0.152515 0.781250
289 301.721504 -44.837215 0.182003 5.859661 0.430710 -0.783226 1.971746 0.152515 0.781250
290 340.061119 -20.097242 0.177300 7.209362 0.543969 -0.865411 2.362028 0.152515 0.781250
291 245.969290 -7.582941 0.127534 6.252248 0.655828 -0.694531 2.244296 0.152515 0.781250
292 178.982915 -55.365988 0.128093 5.958145 0.622255 -0.737851 2.268730 0.152515 0.781250
293 222.425006 -33.971199 0.139707 12.234289 1.171389 -0.320150 2.031343 0.152515 0.781250
294 312.805794 11.329475 0.051567 9.563457 2.479552 -0.565375 2.189771 0.152515 0.781250
295 205.419509 28.120419 0.184594 5.657526 0.410016 -0.691634 1.981621 0.152515 0.781250
296 10.939341 85.340476 0.095379 12.543988 1.758927 -0.551719 2.525951 0.152515 0.781250
297 335.141530 60.023071 0.088965 9.328659 1.402535 -0.816482 2.569466 0.152515 0.781250
298 248.229630 16.566643 0.113405 12.011597 1.416705 -0.633574 1.705035 0.152515 0.781250
299 243.544819 -9.062043 0.028454 10.960040 5.139298 -0.524259 1.980038 0.152515 0.781250
300 77.643055 15.804435 0.049931 5.285377 1.415850 -0.606661 1.809933 0.152515 0.781250
301 237.198769 34.841154 0.152846 6.045723 0.529153 -0.658933 2.063884 0.152515 0.781250
302 141.791186 -49.758438 0.034904 11.624191 4.446491 -0.303691 2.233860 0.152515 0.781250
303 234.443872 -10.380840 0.128567 10.855009 1.129388 -0.371811 1.823998 0.152515 0.781250
304 38.373491 42.812751 0.064163 7.916829 1.650242 -0.525956 1.982333 0.152515 0.781250
305 236.824310 -13.434529 0.090073 8.483348 1.259800 -0.558374 1.957704 0.152515 0.781250
306 359.788941 8.264585 0.071965 15.154143 2.814888 -0.527604 2.321072 0.152515 0.781250
307 17.356334 10.110010 0.084021 5.951575 0.947554 -0.779213 2.279695 0.152515 0.781250
308 351.782706 -39.127447 0.149428 10.516971 0.941497 -0.662917 2.042370 0.152515 0.781250
309 146.486866 -15.993549 0.073482 7.230768 1.316217 -0.876324 2.311938 0.152515 0.781250
310 313.471242 -19.328112 0.121953 7.174987 0.787049 -0.614672 2.094887 0.152515 0.781250
311 281.658774 -71.370952 0.105689 13.857547 1.753560 -0.574185 2.177395 0.152515 0.781250
312 204.125854 -72.104114 0.139461 12.087232 1.159352 -0.763350 2.760927 0.152515 0.781250
313 265.841715 41.559242 0.188629 12.015487 0.852119 -0.321583 2.661030 0.152515 0.781250
314 316.265602 -26.991504 0.151863 15.366364 1.353438 -0.354327 1.869017 0.152515 0.781250
315 145.490516 2.072126 0.058689 8.084458 1.842224 -0.466714 2.507811 0.152515 0.781250
316 117.731938 -23.737617 0.025613 11.250561 5.855964 -0.579968 2.502310 0.152515 0.781250
317 240.333619 61.806674 0.067208 6.850408 1.363379 -0.378019 1.914412 0.152515 0.781250
318 290.824539 -28.777302 0.127114 9.407664 0.990023 -0.821609 2.504525 0.152515 0.781250
319 274.422649 -8.087566 0.029257 7.496004 3.423638 -0.425694 2.720271 0.152515 0.781250
320 287.212914 48.198668 0.109346 8.397546 1.027314 -0.825108 1.922128 0.152515 0.781250
321 156.809993 43.146579 0.127432 10.772753 1.130818 -0.423474 1.983641 0.152515 0.781250
322 294.420318 -38.887788 0.080164 5.313927 0.886752 -0.734539 2.564190 0.152515 0.781250
323 43.275260 37.249470 0.158764 22.774356 1.918365 -0.373746 2.340340 0.152515 0.781250
324 196.016075 -4.797032 0.039188 4.837668 1.651073 -0.333575 2.424334 0.152515 0.781250
325 2.073118 -1.952001 0.033525 4.359456 1.739132 -0.810722 2.361068 0.152515 0.781250
326 116.850899 -47.141862 0.151074 14.274818 1.263893 -0.622395 2.376100 0.152515 0.781250
327 131.926153 -57.013300 0.109188 11.884950 1.455885 -0.311408 1.860950 0.152515 0.781250
328 142.622169 27.121480 0.143912 10.929892 1.015949 -0.609956 2.573087 0.152515 0.781250
329 250.368194 -0.405525 0.098269 10.953010 1.490800 -0.381871 2.609768 0.152515 0.781250
330 139.880916 -7.255754 0.064352 7.951163 1.652516 -0.546761 2.190074 0.152515 0.781250
331 161.529704 27.323659 0.167438 5.108033 0.408123 -0.674802 2.245848 0.152515 0.781250
332 85.515887 32.074790 0.163895 8.309038 0.678211 -0.728530 1.799559 0.152515 0.781250
333 134.370645 -43.014519 0.145045 5.702249 0.525933 -0.778066 2.413168 0.152515 0.781250
334 81.817066 12.735483 0.068986 13.026704 2.524594 -0.442921 2.430509 0.152515 0.781250
335 26.350533 -46.827059 0.126242 7.432876 0.787639 -0.668076 2.240234 0.152515 0.781250
336 217.241494 30.182117 0.084975 5.294629 0.833513 -0.593235 2.596197 0.152515 0.781250
337 240.556607 18.295043 0.036485 6.812428 2.496407 -0.604605 2.158668 0.152515 0.781250
338 223.016525 65.955494 0.185116 9.834605 0.710705 -0.553633 2.428273 0.152515 0.781250
339 166.857856 -59.551382 0.044627 6.035021 1.808562 -0.380654 1.952992 0.152515 0.781250
340 136.722881 -62.361314 0.191043 5.303311 0.371373 -0.311556 2.251826 0.152515 0.781250
341 310.800114 -25.825124 0.100281 9.036619 1.205377 -0.655449 2.206585 0.152515 0.781250
342 186.869443 -28.462836 0.053324 9.042402 2.267435 -0.403489 2.326484 0.152515 0.781250
343 172.505476 -30.400574 0.117542 6.208814 0.706631 -0.441283 2.148033 0.152515 0.781250
344 9.231144 54.341813 0.177130 6.321284 0.477422 -0.555883 2.219450 0.152515 0.781250
345 122.849218 -30.060065 0.151800 8.984191 0.791732 -0.326372 2.506706 0.152515 0.781250
346 136.870423 -27.135768 0.165181 3.878310 0.314107 -0.779715 2.127862 0.152515 0.781250
347 143.576201 31.251559 0.138581 3.957884 0.382079 -0.834441 1.776918 0.152515 0.781250
348 208.862053 -5.769133 0.144610 5.585754 0.516740 -0.387623 2.783767 0.152515 0.781250
349 192.096917 33.602034 0.172855 7.190193 0.556473 -0.636510 2.673328 0.152515 0.781250
350 218.845833 -60.373651 0.064940 9.345504 1.924533 -0.391819 1.871213 0.152515 0.781250
351 275.357974 -1.424383 0.108096 16.728597 2.069469 -0.364146 2.465804 0.152515 0.781250
352 292.674866 -68.871254 0.059818 12.283678 2.745151 -0.862525 2.107999 0.152515 0.781250
353 258.524307 -61.008733 0.197780 7.385158 0.499535 -0.369921 2.337938 0.152515 0.781250
354 343.988531 54.377776 0.189931 7.924296 0.558151 -0.631009 2.347159 0.152515 0.781250
355 6.563730 -46.179229 0.027097 4.846113 2.391238 -0.593741 2.188569 0.152515 0.781250
356 70.480075 3.717745 0.147004 7.926289 0.721305 -0.524044 2.023762 0.152515 0.781250
357 2.722635 -10.242154 0.186545 6.924821 0.496609 -0.344170 2.051729 0.152515 0.781250
358 233.090897 -17.777017 0.052504 9.400857 2.394009 -0.888530 1.984034 0.152515 0.781250
359 323.290998 53.098286 0.122230 5.290041 0.578983 -0.613894 2.009345 0.152515 0.781250
360 87.653627 -73.009497 0.184788 10.372051 0.750873 -0.487367 2.238738 0.152515 0.781250
361 333.732436 19.121919 0.026110 17.215515 8.752097 -0.466376 2.044163 0.152515 0.781250
362 21.696261 67.939666 0.145536 7.576577 0.696438 -0.484481 2.463507 0.152515 0.781250
363 336.396970 6.911516 0.073523 9.779588 1.778930 -0.819339 2.705065 0.152515 0.781250
364 126.584167 60.885006 0.186391 11.296733 0.810771 -0.720363 2.084875 0.152515 0.781250
365 36.511498 -63.570697 0.194790 6.545850 0.449562 -0.684771 2.330713 0.152515 0.781250
366 174.913833 -9.347004 0.189968 8.948517 0.630163 -0.417338 2.408797 0.152515 0.781250
367 92.439564 -28.664793 0.105359 8.050529 1.022135 -0.732744 2.400492 0.152515 0.781250
368 102.554245 27.493109 0.175168 8.400402 0.641546 -0.773577 2.281678 0.152515 0.781250
369 110.624387 74.279355 0.172019 5.435419 0.422716 -0.325531 2.481696 0.152515 0.781250
370 289.089323 -29.139646 0.077438 8.098644 1.398851 -0.894682 2.403566 0.152515 0.781250
371 194.098060 17.959774 0.169205 10.261927 0.811311 -0.301307 1.887593 0.152515 0.781250
372 112.070772 -37.142880 0.026661 16.527296 8.235947 -0.493907 2.519638 0.152515 0.781250
373 219.720162 7.507762 0.127329 12.923882 1.357644 -0.402918 2.525079 0.152515 0.781250
374 257.814243 -4.136625 0.061402 23.477271 5.101737 -0.723228 2.029906 0.152515 0.781250
375 98.144640 70.736387 0.041702 5.450829 1.748117 -0.891411 2.270273 0.152515 0.781250
376 148.877677 12.536091 0.033852 12.374054 4.878449 -0.457278 2.463890 0.152515 0.781250
377 43.878994 -17.516910 0.145332 8.768033 0.807072 -0.399513 2.196097 0.152515 0.781250
378 65.213766 -50.516563 0.081177 23.911105 3.934419 -0.455714 2.580785 0.152515 0.781250
379 245.202427 -44.227278 0.150458 5.340356 0.474837 -0.814290 2.968053 0.152515 0.781250
380 65.317805 -33.323538 0.031764 5.257106 2.213062 -0.447943 2.023096 0.152515 0.781250
381 189.058818 -29.872175 0.076752 5.928346 1.033226 -0.438646 1.844578 0.152515 0.781250
382 255.256654 44.525941 0.117108 2.766253 0.316009 -0.504876 2.350037 0.152515 0.781250
383 38.475692 7.033265 0.162330 6.150689 0.506889 -0.440330 2.475360 0.152515 0.781250
384 204.232399 2.681380 0.077375 5.473264 0.946245 -0.392447 2.189631 0.152515 0.781250
385 92.362602 -50.395417 0.132660 8.624771 0.869707 -0.531838 2.694870 0.152515 0.781250
386 346.653675 46.077552 0.179476 9.490768 0.707413 -0.846837 1.857310 0.152515 0.781250
387 174.076433 26.463564 0.130855 20.440679 2.088869 -0.607423 2.466767 0.152515 0.781250
388 290.157318 -59.844278 0.061933 12.866840 2.777228 -0.853410 2.077133 0.152515 0.781250
389 198.081555 24.561529 0.024392 5.995383 3.284663 -0.655474 2.774705 0.152515 0.781250
390 15.628512 4.995439 0.176618 5.105070 0.386688 -0.655736 2.856646 0.152515 0.781250
391 227.934495 -56.777509 0.023828 10.230783 5.724844 -0.860394 2.028894 0.152515 0.781250
392 342.505203 -4.783951 0.177446 4.134329 0.311698 -0.690708 2.094024 0.152515 0.781250
393 216.580255 -1.753950 0.115209 19.988776 2.319869 -0.833401 2.516768 0.152515 0.781250
394 294.907989 -41.947618 0.189032 14.427868 1.020987 -0.415059 2.142752 0.152515 0.781250
395 318.314327 63.049232 0.163781 6.327174 0.516814 -0.331387 2.245268 0.152515 0.781250
396 82.108718 44.423052 0.199628 3.396937 0.227648 -0.856610 2.266508 0.152515 0.781250
397 76.336142 19.757790 0.083128 15.742715 2.531913 -0.326931 1.682989 0.152515 0.781250
398 219.953156 -4.324716 0.158094 7.554713 0.639271 -0.586454 2.254740 0.152515 0.781250
399 147.970249 -10.164151 0.092348 14.855196 2.151042 -0.720261 2.051973 0.152515 0.781250
400 302.350069 17.574578 0.106378 3.604661 0.453320 -0.853883 2.110955 0.152515 0.781250
401 324.008324 5.213299 0.132951 5.928398 0.596527 -0.599625 2.691981 0.152515 0.781250
402 127.231697 -61.098727 0.177262 8.021002 0.605337 -0.423291 1.881939 0.152515 0.781250
403 85.273401 1.432847 0.197135 8.190147 0.555795 -0.475748 2.502853 0.152515 0.781250
404 280.989185 37.792762 0.158289 6.387921 0.539878 -0.869864 2.175202 0.152515 0.781250
405 98.930173 -4.675955 0.095198 10.922955 1.534646 -0.856259 2.174963 0.152515 0.781250
406 296.141155 -63.648375 0.095844 4.690932 0.654748 -0.658276 2.496003 0.152515 0.781250
407 152.545771 34.928684 0.152765 7.450281 0.652425 -0.722826 2.360907 0.152515 0.781250
408 240.317964 -36.674799 0.062980 8.495948 1.804124 -0.760569 2.430075 0.152515 0.781250
409 34.392713 -28.865708 0.039885 10.346631 3.466214 -0.731397 2.549347 0.152515 0.781250
410 224.589357 -42.112409 0.083832 11.418661 1.821625 -0.417910 2.159499 0.152515 0.781250
411 162.636364 -19.850670 0.071703 4.559078 0.850565 -0.342463 2.075220 0.152515 0.781250
412 211.179047 30.897447 0.073335 3.715021 0.677684 -0.656938 1.933346 0.152515 0.781250
413 60.485115 2.222013 0.062049 15.154234 3.263821 -0.356333 2.011268 0.152515 0.781250
414 265.274548 -36.173860 0.027577 9.446068 4.572820 -0.707103 3.143620 0.152515 0.781250
415 310.606948 49.083086 0.023217 5.502477 3.167405 -0.614138 2.632295 0.152515 0.781250
416 78.026328 49.390528 0.197790 17.374742 1.175041 -0.764383 1.853569 0.152515 0.781250
417 34.457240 47.830055 0.096999 8.476341 1.168907 -0.515714 1.862154 0.152515 0.781250
418 8.509891 -31.493886 0.089179 14.426837 2.163232 -0.312611 2.403451 0.152515 0.781250
419 231.109740 -5.596454 0.142337 8.274684 0.777693 -0.537904 2.423071 0.152515 0.781250
420 218.553853 75.925257 0.059286 22.416908 5.045464 -0.685312 2.423557 0.152515 0.781250
421 196.811069 32.958057 0.190993 19.242319 1.347596 -0.511310 2.182405 0.152515 0.781250
422 83.500955 -71.025813 0.161542 7.063633 0.584961 -0.826248 2.221255 0.152515 0.781250
423 140.726159 -60.411125 0.036094 13.003610 4.808480 -0.366805 2.357255 0.152515 0.781250
424 214.011481 -4.136753 0.095165 11.046675 1.552566 -0.598150 2.284659 0.152515 0.781250
425 178.836069 54.928976 0.178241 15.859320 1.190183 -0.630390 1.593101 0.152515 0.781250
426 355.602787 4.439340 0.190052 4.938096 0.347602 -0.548481 2.189951 0.152515 0.781250
427 49.118311 -0.250669 0.104132 11.273640 1.448059 -0.525130 2.003469 0.152515 0.781250
428 250.252039 -52.097063 0.130414 13.580756 1.392881 -0.856935 2.311455 0.152515 0.781250
429 145.554757 18.273917 0.050066 3.320355 0.887168 -0.490430 3.154469 0.152515 0.781250
430 154.151861 40.106194 0.198410 4.427399 0.298525 -0.754841 2.369136 0.152515 0.781250
431 258.335196 -13.836967 0.061701 2.885867 0.625702 -0.471628 2.164832 0.152515 0.781250
432 249.277014 33.451005 0.189692 6.991801 0.493094 -0.406479 2.535432 0.152515 0.781250
433 356.852158 68.272238 0.136936 11.452553 1.118737 -0.417625 2.403698 0.152515 0.781250
434 46.221944 -36.332276 0.129393 16.955971 1.752579 -0.568499 2.384920 0.152515 0.781250
435 37.479474 2.674350 0.112284 8.301938 0.989051 -0.587898 2.440947 0.152515 0.781250
436 260.761974 -25.196504 0.061521 18.060899 3.921391 -0.814274 2.875854 0.152515 0.781250
437 208.219290 35.853082 0.051775 4.012405 1.036661 -0.434792 1.919625 0.152515 0.781250
438 98.697840 8.927626 0.059688 3.413542 0.765061 -0.737154 2.400981 0.152515 0.781250
439 28.590973 15.614576 0.053559 7.780866 1.942808 -0.601983 1.980977 0.152515 0.781250
440 30.836970 36.571704 0.160325 9.693681 0.808831 -0.729436 2.425545 0.152515 0.781250
441 321.908715 -12.008632 0.083023 7.870284 1.268012 -0.819703 1.983285 0.152515 0.781250
442 69.072237 56.117247 0.030412 2.845448 1.251530 -0.522265 2.133681 0.152515 0.781250
443 116.413762 3.787587 0.194438 7.651346 0.526433 -0.867401 2.170364 0.152515 0.781250
444 81.596305 -43.164111 0.179081 4.167043 0.311296 -0.450813 2.551636 0.152515 0.781250
445 127.798670 23.066437 0.186995 11.181692 0.799923 -0.709448 2.534428 0.152515 0.781250
446 24.992583 35.910635 0.199083 9.609389 0.645717 -0.899919 1.885176 0.152515 0.781250
447 186.861525 -21.498486 0.051301 5.000319 1.303754 -0.593323 2.275372 0.152515 0.781250
448 24.340523 45.590652 0.091324 6.187357 0.906329 -0.871889 2.046017 0.152515 0.781250
449 288.128343 54.319935 0.156483 4.710692 0.402727 -0.734298 1.881340 0.152515 0.781250
450 84.136349 -26.499565 0.145284 7.753172 0.713904 -0.475814 2.193786 0.152515 0.781250
451 194.404289 75.249326 0.047701 12.897232 3.612357 -0.862386 2.166347 0.152515 0.781250
452 316.828472 -45.937115 0.166850 4.887000 0.391841 -0.396397 2.986906 0.152515 0.781250
453 234.315853 -36.581717 0.060399 10.293008 2.278669 -0.897708 2.388779 0.152515 0.781250
454 191.864803 -39.164595 0.060287 6.136857 1.361568 -0.751906 1.845606 0.152515 0.781250
455 116.760151 51.997084 0.116655 5.381704 0.617161 -0.455458 2.089459 0.152515 0.781250
456 119.880689 17.973983 0.126729 7.583132 0.800467 -0.710238 2.565306 0.152515 0.781250
457 241.015304 -44.090318 0.124416 4.767492 0.512630 -0.838865 2.885424 0.152515 0.781250
458 357.890170 -6.854773 0.036468 6.065499 2.224031 -0.683860 1.783096 0.152515 0.781250
459 238.262108 13.332166 0.177943 4.395154 0.330437 -0.737764 1.694914 0.152515 0.781250
460 200.802030 -56.415595 0.067808 21.366069 4.207865 -0.394373 2.820181 0.152515 0.781250
461 263.034184 49.892114 0.043313 8.142305 2.513353 -0.711991 2.375776 0.152515 0.781250
462 167.474020 37.387829 0.179975 5.638278 0.419109 -0.426641 1.998404 0.152515 0.781250
463 21.651243 0.596663 0.192017 8.903385 0.620294 -0.364877 2.419280 0.152515 0.781250
464 202.426854 69.107832 0.175183 7.563072 0.577553 -0.639710 1.468167 0.152515 0.781250
465 344.745102 -9.466914 0.165713 7.163200 0.578277 -0.354034 2.259904 0.152515 0.781250
466 63.109059 75.516714 0.137944 10.875634 1.054640 -0.673609 2.357238 0.152515 0.781250
467 248.401761 19.623626 0.119154 11.683708 1.311581 -0.321553 2.536172 0.152515 0.781250
468 72.336128 15.625148 0.035658 6.136110 2.300950 -0.846426 1.954723 0.152515 0.781250
469 192.897966 -41.919837 0.093522 5.998638 0.858042 -0.487788 2.284598 0.152515 0.781250
470 34.803522 49.805281 0.087084 6.972095 1.070963 -0.603712 1.981264 0.152515 0.781250
471 162.133537 -8.338473 0.066756 2.530662 0.507148 -0.667411 2.335506 0.152515 0.781250
472 272.218798 -42.495569 0.150216 3.750338 0.334003 -0.520373 1.990287 0.152515 0.781250
473 125.125749 -77.106101 0.109258 15.845391 1.939480 -0.477686 2.136461 0.152515 0.781250
474 239.368221 6.863903 0.034588 18.209172 7.007893 -0.897382 1.960147 0.152515 0.781250
475 286.361986 3.141339 0.059633 7.063379 1.584219 -0.799828 2.454232 0.152515 0.781250
476 333.784015 26.021427 0.142987 10.673030 0.998501 -0.472172 2.516427 0.152515 0.781250
477 84.471149 51.307854 0.033704 9.347105 3.705061 -0.500169 2.188505 0.152515 0.781250
478 143.753730 -57.265659 0.173217 37.295846 2.878086 -0.320371 2.270363 0.152515 0.781250
479 54.869765 27.580408 0.109126 14.002404 1.716101 -0.443377 1.824314 0.152515 0.781250
480 357.294061 -38.695115 0.106506 7.504349 0.942544 -0.329536 2.168988 0.152515 0.781250
481 333.720348 45.754283 0.126633 4.961317 0.524127 -0.478476 2.243830 0.152515 0.781250
482 194.384567 39.652298 0.168443 3.583064 0.284577 -0.721169 3.045129 0.152515 0.781250
483 303.131986 4.679822 0.082606 8.856692 1.434072 -0.836781 1.925301 0.152515 0.781250
484 187.544872 24.865249 0.142043 5.480883 0.516201 -0.430906 2.698145 0.152515 0.781250
485 224.490848 -21.795800 0.121832 3.928724 0.431403 -0.513510 2.557949 0.152515 0.781250
486 32.084796 -3.305749 0.068065 5.790132 1.137907 -0.871088 2.343082 0.152515 0.781250
487 271.897351 40.036374 0.178153 4.658379 0.349812 -0.683970 2.786477 0.152515 0.781250
488 45.976854 -4.673044 0.163537 18.597225 1.521006 -0.325920 2.370523 0.152515 0.781250
489 297.384347 -16.523194 0.138521 12.431846 1.200481 -0.599759 2.375639 0.152515 0.781250
490 281.530112 -0.663220 0.173105 7.968173 0.615791 -0.640363 2.242955 0.152515 0.781250
491 255.148091 41.033372 0.176113 16.767016 1.273482 -0.625380 2.625962 0.152515 0.781250
492 13.017737 -19.243522 0.147505 8.315537 0.754150 -0.774670 2.587832 0.152515 0.781250
493 109.126208 -40.728604 0.170662 5.200732 0.407680 -0.678776 2.071188 0.152515 0.781250
494 94.720525 25.089157 0.145545 17.132951 1.574439 -0.678112 1.863117 0.152515 0.781250
495 129.649107 40.689271 0.142425 10.474006 0.983746 -0.868587 2.197997 0.152515 0.781250
496 31.551389 -53.008525 0.131350 4.762718 0.485081 -0.439459 2.018880 0.152515 0.781250
497 337.304816 -31.349142 0.155489 7.273752 0.625809 -0.650097 2.239834 0.152515 0.781250
498 199.368807 -45.729811 0.048549 5.163592 1.422601 -0.406692 2.630123 0.152515 0.781250
499 109.988752 -17.705059 0.178557 4.006995 0.300219 -0.389791 2.121701 0.152515 0.781250
